1000
11.141675 81.591825 2.901514 2.839041
7.595028 99.496277 4.977413 3.983582
4.440692 71.065813 5.036876 5.010962
18.322898 69.076106 5.350152 5.217774
7.726547 73.918795 6.071742 5.968793
15.580559 75.406397 0.232151 6.221634
21.152673 83.274246 0.671398 0.278417
4.859923 79.983820 1.300589 0.682716
16.814074 71.628073 2.028585 1.314036
20.910085 73.462013 2.814181 2.163563
0.292506 81.398957 2.894735 2.861136
21.434436 75.074535 1.225776 1.121299
13.965991 60.019130 0.086412 6.269052
19.073275 80.373974 6.063592 6.007617
4.242937 75.806381 1.701294 1.608260
7.362463 78.099228 4.302102 4.083782
19.353561 92.727024 6.010938 6.009032
16.166516 79.712523 0.405132 0.305630
13.334340 87.595993 5.322564 5.272336
19.231814 62.300289 5.032592 5.019970
6.597109 63.008389 4.454883 4.428931
20.762169 62.910163 1.931445 1.831356
9.042878 72.633832 1.931445 1.831356
14.331900 69.054172 0.627842 0.362458
12.784580 69.572257 0.405132 0.305630
2.506948 79.233740 0.079839 6.278720
13.744951 97.751934 1.021293 0.900176
9.323548 96.076875 1.219078 4.093296
17.097696 80.252513 6.040806 6.036551
5.527706 75.242781 2.889333 2.866925
11.088213 92.037120 5.338449 5.293549
8.790727 84.368921 5.279173 5.223159
1.437827 65.083658 5.285393 5.228396
13.101357 62.866905 1.686355 1.585612
8.318984 63.122329 1.827204 1.443260
10.629684 97.515952 5.024476 5.020963
14.822119 59.967116 1.999359 1.851590
6.009208 59.366461 5.032120 5.025961
20.867812 80.920424 6.063592 6.007617
2.659718 59.795865 5.274840 5.223318
2.499524 82.994684 0.484364 0.470089
21.141024 72.023376 0.079839 6.278720
8.307730 78.889076 1.225776 1.121299
3.069120 68.467307 0.143318 0.020829
6.699905 81.539776 1.686355 1.585612
0.326620 82.914504 5.035807 5.012937
17.495892 65.728812 4.955304 4.306759
3.788746 93.635227 2.889333 2.866925
2.340264 98.468884 5.026923 5.012425
21.102944 81.295678 1.701294 1.608260
20.154115 80.679426 1.155096 0.997813
13.165286 60.584779 5.179656 3.570426
7.776286 77.693460 1.531210 1.459916
2.718589 78.465251 1.225776 1.121299
21.391084 96.129802 6.069749 6.040142
1.734954 90.705025 6.040806 6.036551
10.381933 91.436887 0.882811 0.687310
20.942697 91.184712 5.024476 5.020963
3.830183 81.498025 5.052853 2.885665
2.761395 72.859871 4.830323 4.603149
4.236528 61.216802 1.531210 1.459916
4.288117 89.975763 5.016071 5.013048
7.387011 83.876861 5.593280 4.292903
5.463324 82.427429 2.854258 2.843323
0.394110 62.170333 5.052853 2.885665
0.507539 82.723190 0.854310 3.996572
8.885688 68.280354 5.322564 5.272336
14.237522 61.974779 6.061985 5.972001
8.439157 98.370776 4.302102 4.083782
18.197742 63.617052 0.627842 0.362458
1.083131 89.910088 0.227158 0.178135
11.327820 96.437558 2.848753 2.839622
15.678632 90.543327 0.484364 0.470089
2.044889 59.314097 1.616249 1.453375
12.698834 70.155727 5.593280 4.292903
8.253792 85.958374 0.882811 0.687310
17.966200 90.422337 0.882811 0.687310
19.205683 63.802530 5.327154 5.313166
15.627089 96.968321 4.830323 4.603149
0.858233 87.802891 4.540944 4.265811
6.866774 90.761461 4.817236 4.313648
9.997480 73.366513 0.667983 0.569446
2.788208 91.166966 4.540944 4.265811
2.228776 69.056979 1.219078 4.093296
0.332232 80.228451 0.210807 0.006214
9.768211 74.585066 2.858668 2.842088
16.920471 66.570186 1.100328 0.760156
1.527775 75.237970 5.026923 5.012425
10.538155 60.415944 0.405132 0.305630
7.127301 94.344161 1.512941 0.993147
4.610508 91.798461 1.225776 1.121299
11.927469 68.611552 0.627842 0.362458
2.877378 80.177721 4.542932 4.122325
2.599675 62.379032 5.348986 5.322084
16.773102 96.012384 1.173534 0.703766
0.392806 93.127385 6.061985 5.972001
16.218866 65.972352 5.032592 5.019970
18.976448 66.446579 5.035044 5.028225
21.669039 80.763233 1.827204 1.443260
6.267451 81.215575 0.121442 6.238371
0.802110 97.445989 0.562107 0.499696
19.215286 74.688551 6.041435 6.003646
17.547184 81.362922 5.179656 3.570426
9.180093 61.774696 2.858668 2.842088
19.384460 67.111635 1.931445 1.831356
2.906352 94.472367 5.026923 5.012425
9.574787 91.730166 1.616249 1.453375
19.101743 64.109985 1.311263 0.343487
3.086151 90.280059 5.035807 5.012937
4.931545 67.589050 1.219078 4.093296
18.399893 94.977349 5.036333 5.023582
4.362909 87.965412 0.854310 3.996572
6.125805 92.011546 6.057854 5.970059
12.990940 81.908137 5.036333 5.023582
5.701898 65.474978 4.815872 4.082951
8.819507 69.397527 5.035807 5.012937
7.132649 80.628334 1.225776 1.121299
3.133085 96.951422 2.854258 2.843323
5.715988 64.174698 1.512941 0.993147
18.684648 69.250132 0.528237 0.373029
13.236331 87.612115 2.883225 2.852132
10.437929 70.738257 2.854258 2.843323
5.278702 67.608950 1.311263 0.343487
7.623611 60.922478 6.057854 5.970059
12.246211 74.898429 0.405132 0.305630
2.713504 74.551298 6.061985 5.972001
5.138880 82.502311 5.285393 5.228396
19.204501 97.245212 5.024476 5.020963
9.378666 79.854477 1.921962 1.389121
16.214133 74.447358 5.348986 5.322084
15.189846 83.994954 0.600570 0.493119
18.626037 89.772116 6.041435 6.003646
14.536374 59.127586 2.898928 2.867322
0.549229 92.756190 5.285393 5.228396
7.208234 63.127428 2.851589 2.841350
3.140747 82.719484 5.024476 5.020963
6.489519 90.837869 0.394997 0.325351
19.782370 80.171947 4.542932 4.122325
9.030833 69.807153 1.046021 0.748092
3.569907 70.509444 5.338449 5.293549
16.421544 89.049427 0.079839 6.278720
2.547703 68.295413 4.815872 4.082951
20.946117 65.784715 5.035807 5.012937
12.936259 97.764399 1.827204 1.443260
14.380657 79.180609 5.016071 5.013048
8.875450 76.616471 1.219078 4.093296
15.640265 67.882622 4.592794 4.120403
16.469849 79.895865 1.531210 1.459916
17.558372 85.870057 2.883225 2.852132
18.561661 77.509051 6.057854 5.970059
1.049687 88.751708 6.041435 6.003646
15.254516 62.651382 1.686355 1.585612
4.411184 87.936809 6.010938 6.009032
20.782088 87.250276 1.149515 0.732181
20.417737 89.112011 4.454883 4.428931
7.661783 92.476917 4.897329 4.635919
20.371604 95.643951 4.897329 4.635919
17.994418 92.613804 6.040806 6.036551
13.615885 83.742623 2.851589 2.841350
8.831559 67.838503 5.327154 5.313166
3.872932 87.980667 5.261338 5.223015
5.036169 65.400800 0.148755 0.123492
0.119420 62.122129 5.327154 5.313166
17.054695 74.789732 1.219078 4.093296
17.009357 90.490994 5.901219 3.461300
11.971417 81.711452 4.815872 4.082951
10.072345 91.302917 4.815872 4.082951
18.375134 81.631412 0.405132 0.305630
0.396914 69.913535 2.858668 2.842088
17.251678 81.397035 2.898928 2.867322
13.722934 77.569250 6.061985 5.972001
15.675129 89.972306 1.921962 1.389121
13.015576 69.545108 5.026923 5.012425
7.736013 83.352949 5.035044 5.028225
16.573867 66.550535 2.885272 2.883148
7.686070 88.158334 4.540944 4.265811
21.306273 77.240882 0.484364 0.470089
3.194023 84.839862 5.348986 5.322084
6.552726 87.218563 1.616249 1.453375
3.713506 64.554594 1.219078 4.093296
10.311213 70.447476 5.309432 5.221888
1.144734 71.306383 0.210807 0.006214
20.071871 71.220228 0.227158 0.178135
10.577258 61.636892 1.155096 0.997813
0.873600 78.401516 1.311263 0.343487
2.463807 81.823799 5.274840 5.223318
2.225144 61.502540 1.149515 0.732181
0.146790 98.223088 0.079839 6.278720
4.775895 70.900847 0.148755 0.123492
18.320337 80.649940 5.029770 5.027714
4.449093 74.120440 6.040806 6.036551
4.081301 84.185637 0.079839 6.278720
21.575000 66.836059 4.454883 4.428931
8.767074 92.120884 5.261338 5.223015
7.854021 93.470082 1.827204 1.443260
1.345965 67.063768 1.999359 1.851590
9.488404 87.537810 6.063592 6.007617
18.470783 83.101690 0.405132 0.305630
15.077673 76.926228 0.079839 6.278720
21.572467 95.092135 1.921962 1.389121
11.498104 81.841783 0.148410 6.266820
6.514363 70.678416 1.021293 0.900176
19.558927 59.939445 4.815872 4.082951
8.193414 97.514937 4.830323 4.603149
4.100859 82.916028 2.858668 2.842088
0.682873 82.707307 4.815872 4.082951
19.575379 94.187058 0.405132 0.305630
8.177316 70.395134 0.667983 0.569446
14.797085 88.763243 0.394997 0.325351
17.873358 59.716380 0.640535 0.632329
6.634263 89.350017 0.667983 0.569446
0.068400 87.996129 1.219078 4.093296
20.455181 69.827443 5.032120 5.025961
16.115182 83.665783 1.846184 1.600078
18.152159 89.967153 0.121442 6.238371
4.566398 79.725596 5.018655 5.012989
6.768397 66.738627 4.592794 4.120403
16.516608 59.336426 6.027104 5.983595
18.137716 95.213260 5.035044 5.028225
21.575853 60.279833 5.327154 5.313166
21.633105 64.701514 1.512941 0.993147
8.181862 73.677813 1.046021 0.748092
16.504920 96.437158 1.701294 1.608260
6.684549 77.021920 1.512941 0.993147
16.573184 78.683055 1.021293 0.900176
6.639714 87.763492 4.955304 4.306759
2.739231 75.295467 6.063592 6.007617
17.093007 91.110989 6.057854 5.970059
5.715247 74.454194 0.405132 0.305630
0.469623 84.267424 0.210807 0.006214
5.018996 84.263078 0.528237 0.373029
21.162089 60.108665 2.858668 2.842088
15.747354 98.190029 1.616249 1.453375
12.907976 83.000124 5.032592 5.019970
16.389664 90.905437 5.052853 2.885665
21.342972 90.360032 4.815872 4.082951
13.557181 96.299150 0.562107 0.499696
2.062110 61.791025 0.449332 0.330690
21.684778 96.880641 5.285393 5.228396
17.831562 87.050611 5.322564 5.272336
3.774852 64.472144 2.851589 2.841350
14.506556 76.047538 5.309432 5.221888
10.549794 69.671781 0.854310 3.996572
9.319391 60.698853 0.640535 0.632329
7.407475 69.070635 4.542932 4.122325
17.313823 61.222015 2.889333 2.866925
0.154102 95.599886 0.143318 0.020829
11.575297 87.831594 5.024476 5.020963
14.265463 62.923418 2.889333 2.866925
11.286051 82.638240 2.898928 2.867322
8.239021 66.799142 2.848753 2.839622
13.771248 80.909176 4.542932 4.122325
7.409840 83.310902 2.854258 2.843323
16.315072 86.754587 1.701294 1.608260
11.145510 68.595173 2.877616 2.846775
19.161814 65.380363 5.029770 5.027714
8.562088 78.248046 5.179656 3.570426
11.894882 61.700126 5.016071 5.013048
15.461266 63.044671 5.338449 5.293549
12.622229 74.273930 0.394997 0.325351
10.480458 92.231699 5.279173 5.223159
9.806471 91.314907 1.616249 1.453375
1.472251 96.527730 5.288834 5.284084
12.712885 91.921196 4.830323 4.603149
21.702964 78.046040 0.667983 0.569446
21.306934 83.936746 0.405132 0.305630
10.816856 98.272266 0.854310 3.996572
17.600159 78.975058 4.817236 4.313648
12.252568 86.275566 6.040806 6.036551
18.434390 73.529042 4.897329 4.635919
14.885922 67.547844 4.540944 4.265811
13.559770 80.165768 1.753625 1.537580
18.879810 78.635804 5.026923 5.012425
16.686089 75.534438 5.179656 3.570426
2.242016 64.628221 2.898928 2.867322
21.267764 98.739045 1.262082 1.228178
10.446482 96.287636 5.029770 5.027714
13.755772 87.795958 6.042503 6.037794
21.126329 86.336523 0.079839 6.278720
5.796565 87.236714 1.753625 1.537580
4.250908 90.696036 4.302102 4.083782
11.112787 99.722052 1.827204 1.443260
7.117483 81.096944 0.640535 0.632329
12.563348 86.785411 0.086412 6.269052
0.723374 86.748500 1.931445 1.831356
18.984244 65.047900 5.032592 5.019970
5.620046 81.889228 5.052853 2.885665
12.339403 65.696025 2.898928 2.867322
17.183670 88.111606 5.288834 5.284084
17.180712 90.556363 4.542932 4.122325
11.037956 77.040531 5.036333 5.023582
5.559647 83.561673 4.592794 4.120403
20.314595 87.288098 0.210807 0.006214
4.552046 79.187524 0.043375 0.024322
21.252291 68.372031 4.897329 4.635919
12.799469 65.371041 1.701294 1.608260
4.868334 61.474022 2.851589 2.841350
9.988717 83.593033 5.279173 5.223159
4.767524 80.019550 5.285393 5.228396
4.032441 78.110725 5.261338 5.223015
7.201209 91.359529 5.179656 3.570426
9.763321 96.475990 0.394997 0.325351
14.220239 96.324461 5.052853 2.885665
1.745179 87.120521 5.593280 4.292903
2.578344 94.785880 1.931445 1.831356
11.169817 62.651491 5.036333 5.023582
21.972632 81.301145 5.179656 3.570426
1.364033 64.191753 4.815872 4.082951
16.702760 70.292720 1.149515 0.732181
15.029846 88.663698 4.454883 4.428931
10.060145 78.560787 0.854310 3.996572
21.478327 59.661913 4.592794 4.120403
13.368291 76.182323 5.348986 5.322084
17.498579 98.630066 6.027104 5.983595
11.857374 73.076690 1.846184 1.600078
4.723259 65.835880 1.753625 1.537580
10.332636 82.244424 5.279173 5.223159
18.081429 79.709576 0.143318 0.020829
7.405814 84.791983 1.225776 1.121299
3.448992 82.844477 5.035044 5.028225
18.485000 87.329311 4.955304 4.306759
6.302168 63.448001 4.540944 4.265811
0.093364 73.037272 1.149515 0.732181
6.113598 70.885981 0.043375 0.024322
2.062658 86.857577 5.024476 5.020963
15.575600 64.638359 1.021293 0.900176
10.753952 60.308552 0.600570 0.493119
4.401598 97.543709 1.021293 0.900176
18.966582 99.102499 5.322564 5.272336
6.616742 86.675311 6.040806 6.036551
18.301841 74.856417 1.846184 1.600078
21.931197 97.839436 5.309432 5.221888
20.137906 59.652226 5.279173 5.223159
11.748423 66.821709 6.027104 5.983595
14.244487 95.318141 1.262082 1.228178
7.876104 67.803947 0.079839 6.278720
8.904383 59.173555 1.155096 0.997813
3.863877 95.684865 5.593280 4.292903
12.196635 67.964741 5.322564 5.272336
13.040905 88.740940 5.026923 5.012425
6.083577 98.895190 0.449332 0.330690
20.931373 67.397302 0.484364 0.470089
13.864306 77.376961 1.701294 1.608260
9.856863 81.206900 0.484364 0.470089
2.009603 64.251061 1.225776 1.121299
20.855793 98.492336 0.882811 0.687310
4.846647 65.165955 0.667983 0.569446
6.062400 99.246478 5.274840 5.223318
15.829355 94.794351 1.219078 4.093296
8.642556 73.111767 0.079839 6.278720
14.899353 99.311253 0.600570 0.493119
1.527039 60.213205 1.753625 1.537580
11.959490 63.920785 1.155096 0.997813
10.203927 82.690043 1.311263 0.343487
17.432238 76.643645 5.593280 4.292903
6.707542 68.935027 5.327154 5.313166
4.158703 87.611559 0.627842 0.362458
3.477556 97.268654 0.562107 0.499696
1.460058 86.364359 1.149515 0.732181
15.003746 88.169798 0.484364 0.470089
19.698134 99.778091 1.921962 1.389121
11.523087 83.529927 5.261338 5.223015
1.837500 91.809388 5.036333 5.023582
3.744348 93.626693 0.227158 0.178135
21.859140 65.199026 5.279173 5.223159
14.874449 74.264966 6.069749 6.040142
11.838596 96.899734 2.883225 2.852132
21.945346 59.520950 0.528237 0.373029
5.100304 76.159727 0.394997 0.325351
9.455474 72.935693 0.079839 6.278720
17.303710 89.475764 2.894735 2.861136
8.295833 73.113312 5.279173 5.223159
18.314135 80.750849 1.149515 0.732181
11.094980 96.903270 4.815872 4.082951
21.122619 88.131868 0.394997 0.325351
5.722958 67.586272 6.071201 6.053939
9.823272 66.167751 6.010938 6.009032
12.256894 99.598177 1.100328 0.760156
20.818168 96.837751 6.040806 6.036551
6.831909 65.730743 2.898928 2.867322
12.562593 96.747391 6.042503 6.037794
12.713621 95.687734 4.955304 4.306759
18.107596 68.643789 4.815872 4.082951
19.164280 75.575328 5.593280 4.292903
21.238041 67.358728 1.931445 1.831356
8.136405 86.131677 0.667983 0.569446
12.147687 71.943747 1.931445 1.831356
15.846246 59.310686 0.667983 0.569446
2.500131 67.180691 5.016071 5.013048
3.039166 86.698047 1.531210 1.459916
0.049094 84.635951 4.592794 4.120403
17.761126 79.366914 0.079839 6.278720
20.248734 87.889805 0.143318 0.020829
9.457982 82.148772 5.322564 5.272336
13.774418 80.777303 6.071201 6.053939
5.992797 80.270713 1.766602 1.372097
21.380996 73.709148 1.531210 1.459916
20.394276 66.282544 2.883225 2.852132
6.896813 60.390016 1.753625 1.537580
10.199691 86.096612 5.052853 2.885665
5.008236 92.000580 0.227158 0.178135
18.928994 92.461991 6.040806 6.036551
7.375822 92.993209 5.901219 3.461300
16.374059 87.787295 5.274840 5.223318
20.928555 85.587447 1.225776 1.121299
0.977484 64.658681 5.018655 5.012989
7.018475 86.969804 6.063592 6.007617
6.471232 92.904390 1.686355 1.585612
1.588448 71.116591 6.069749 6.040142
17.300637 74.434613 2.885272 2.883148
14.840696 72.264298 0.079839 6.278720
5.588834 83.205896 1.766602 1.372097
12.329895 60.295131 5.052853 2.885665
2.633404 92.135029 6.020990 5.606450
21.455715 73.532519 0.667983 0.569446
17.905136 86.325744 2.848753 2.839622
6.313411 97.189747 5.338449 5.293549
5.755332 83.997052 1.701294 1.608260
3.129185 94.953123 5.593280 4.292903
3.515199 86.468157 6.020990 5.606450
11.722304 77.610930 5.322564 5.272336
2.271837 80.372408 2.883225 2.852132
11.203050 92.679445 0.148755 0.123492
9.599267 82.809922 6.063592 6.007617
3.513811 91.989865 0.882811 0.687310
3.455993 99.207729 5.024476 5.020963
0.018936 66.954466 1.512941 0.993147
21.969673 81.973830 1.616249 1.453375
0.280223 76.978802 6.040806 6.036551
7.845002 84.970016 6.042503 6.037794
3.018848 88.416933 5.026923 5.012425
15.356174 66.980548 4.897329 4.635919
3.411128 70.237771 2.894735 2.861136
11.315495 74.413652 2.885272 2.883148
11.578529 83.368502 5.029770 5.027714
0.701255 77.262127 1.219078 4.093296
20.544493 78.957301 0.854310 3.996572
9.373995 73.420176 0.210807 0.006214
0.376077 73.321577 4.454883 4.428931
5.966325 93.924477 5.036333 5.023582
0.606321 98.689511 0.882811 0.687310
19.394779 81.626001 1.701294 1.608260
17.826892 99.575424 6.042503 6.037794
20.945628 90.160765 5.032592 5.019970
21.951739 91.894768 2.885272 2.883148
1.249739 97.289225 1.155096 0.997813
0.244880 97.986218 6.041435 6.003646
8.463987 84.387794 2.885272 2.883148
19.048224 73.589285 5.309432 5.221888
2.637855 67.989625 6.061985 5.972001
13.403641 81.272526 1.616249 1.453375
1.396884 84.886202 5.288834 5.284084
19.539612 93.017317 1.173534 0.703766
20.516712 90.734077 2.854258 2.843323
16.181872 95.164358 5.288834 5.284084
0.846818 70.769407 0.227158 0.178135
11.256405 74.381592 5.593280 4.292903
4.468830 69.171028 1.155096 0.997813
15.841911 80.418520 0.882811 0.687310
15.606521 82.413904 1.149515 0.732181
1.852163 63.446119 5.032592 5.019970
13.147528 94.211989 1.846184 1.600078
8.201023 69.734111 4.815872 4.082951
13.534718 95.054728 5.274840 5.223318
20.957288 85.154524 6.027104 5.983595
9.675589 79.807318 1.219078 4.093296
8.268657 93.700431 1.262082 1.228178
3.333176 96.898635 1.155096 0.997813
19.320899 97.627488 6.027104 5.983595
3.817325 63.558940 0.148755 0.123492
18.001504 81.426481 0.528237 0.373029
6.292396 65.942329 4.897329 4.635919
0.924484 87.507006 1.225776 1.121299
15.738964 93.104270 4.830323 4.603149
4.524300 92.710031 1.149515 0.732181
14.852861 82.496562 4.540944 4.265811
21.845989 75.087627 6.040806 6.036551
5.202232 63.294160 5.032592 5.019970
11.926872 81.768545 4.830323 4.603149
18.241275 87.251720 1.155096 0.997813
4.815865 94.685919 0.761286 0.725737
4.032034 84.264730 5.285393 5.228396
4.476454 82.445168 4.955304 4.306759
4.036795 74.940875 6.071201 6.053939
9.553312 62.073012 1.827204 1.443260
9.610690 86.260331 6.057854 5.970059
17.747999 76.362632 0.079839 6.278720
4.868340 90.051282 6.020990 5.606450
12.098146 65.542542 4.542932 4.122325
20.998140 81.132020 2.851589 2.841350
5.402920 85.718328 1.149515 0.732181
21.689569 97.716880 6.041435 6.003646
21.218419 70.680189 0.394997 0.325351
7.655886 93.621722 2.894735 2.861136
13.410724 59.446315 1.846184 1.600078
14.474402 99.935520 1.512941 0.993147
16.384745 87.495294 1.766602 1.372097
4.382157 96.729574 1.512941 0.993147
14.152225 73.955974 1.921962 1.389121
1.888298 99.122421 5.285393 5.228396
15.649164 97.233617 1.999359 1.851590
0.794263 90.868526 1.311263 0.343487
21.140471 68.953135 0.043375 0.024322
7.385916 94.791826 5.322564 5.272336
12.261474 70.608323 2.848753 2.839622
6.957520 67.081490 5.338449 5.293549
4.789960 69.707440 0.148755 0.123492
14.932191 63.598293 4.542932 4.122325
10.952432 91.691662 4.897329 4.635919
18.788448 96.442705 5.032592 5.019970
19.861681 95.788235 1.512941 0.993147
14.606222 88.046070 1.846184 1.600078
2.241878 79.379873 4.540944 4.265811
10.489642 60.599824 0.121442 6.238371
9.722833 72.643447 2.883225 2.852132
2.709629 72.009866 1.225776 1.121299
6.176061 83.399491 5.016071 5.013048
20.452779 64.435933 6.041435 6.003646
18.740813 72.637682 6.042503 6.037794
5.580418 89.167040 5.261338 5.223015
12.793874 93.712387 5.348986 5.322084
4.494918 83.082263 1.921962 1.389121
1.491654 75.330061 0.121442 6.238371
2.792365 85.561142 6.010938 6.009032
6.018010 74.001885 5.288834 5.284084
20.490200 68.612529 6.063592 6.007617
15.394239 85.696168 0.086412 6.269052
6.932875 84.814451 5.052853 2.885665
19.912567 79.855961 1.173534 0.703766
9.103236 72.342462 0.640535 0.632329
18.625508 66.360491 5.327154 5.313166
9.764087 88.330537 5.018655 5.012989
4.844266 86.702972 0.640535 0.632329
11.144981 71.801003 4.302102 4.083782
4.636252 92.389665 0.143318 0.020829
18.785170 61.114032 1.219078 4.093296
16.464527 64.072289 4.830323 4.603149
8.848957 61.989483 5.036333 5.023582
15.814785 82.295272 1.701294 1.608260
15.642381 76.340253 0.600570 0.493119
7.423921 64.619979 5.901219 3.461300
21.480016 79.511757 0.882811 0.687310
4.592122 66.851716 4.540944 4.265811
5.113102 87.543210 5.285393 5.228396
11.194947 65.634367 1.701294 1.608260
7.498963 84.202304 1.262082 1.228178
2.378774 83.092077 0.562107 0.499696
19.285475 77.510963 1.921962 1.389121
8.972986 89.352106 4.542932 4.122325
15.703342 83.758657 5.035807 5.012937
0.651091 61.065215 1.021293 0.900176
13.434537 73.240420 5.593280 4.292903
14.689396 73.513737 6.069749 6.040142
15.925867 77.785247 5.348986 5.322084
15.635593 81.179181 2.898928 2.867322
15.842132 59.117124 0.449332 0.330690
11.915372 79.939954 5.036333 5.023582
17.586020 63.370342 1.046021 0.748092
17.367910 79.252032 5.035807 5.012937
14.669234 76.529626 1.100328 0.760156
1.231838 87.238766 2.883225 2.852132
6.201427 67.790148 4.454883 4.428931
6.582879 94.018550 4.592794 4.120403
21.536412 70.962885 6.063592 6.007617
1.952612 98.809442 5.274840 5.223318
7.579142 61.274776 0.143318 0.020829
19.737522 72.763379 0.148755 0.123492
5.029660 82.033212 5.018655 5.012989
12.434112 78.539296 6.041435 6.003646
19.902070 63.650070 0.761286 0.725737
2.814702 63.543221 1.616249 1.453375
12.145492 71.223343 0.079839 6.278720
5.084137 97.139224 0.405132 0.305630
1.788818 72.471215 4.592794 4.120403
8.768368 75.954460 6.057854 5.970059
5.017344 85.197777 0.854310 3.996572
15.594734 99.096442 5.338449 5.293549
21.467677 65.011556 4.302102 4.083782
6.815681 90.688921 4.302102 4.083782
7.395832 69.940508 4.817236 4.313648
15.469519 62.377331 5.279173 5.223159
14.233758 90.909523 4.592794 4.120403
12.778934 93.856372 5.026923 5.012425
10.816501 95.045861 6.020990 5.606450
14.412632 63.276444 1.931445 1.831356
16.355941 72.847794 0.640535 0.632329
16.674460 63.261265 2.883225 2.852132
2.702314 78.085775 1.701294 1.608260
4.241257 96.785944 0.562107 0.499696
1.910588 89.958062 6.042503 6.037794
7.592581 89.865247 1.701294 1.608260
19.726746 75.637120 5.052853 2.885665
2.896975 86.640181 2.883225 2.852132
2.716777 85.369163 1.311263 0.343487
3.341343 90.501806 5.338449 5.293549
2.592341 87.507728 6.057854 5.970059
20.326488 78.794348 0.143318 0.020829
2.775478 79.844833 2.894735 2.861136
19.972639 93.932118 4.592794 4.120403
7.993075 92.524780 0.761286 0.725737
16.815081 89.766228 5.327154 5.313166
10.928737 99.214688 5.026923 5.012425
10.305273 85.187350 1.149515 0.732181
12.056374 61.281724 5.026923 5.012425
18.352123 74.721054 1.225776 1.121299
13.249873 98.687176 5.338449 5.293549
5.138935 83.033598 6.057854 5.970059
4.791638 70.185138 1.311263 0.343487
6.219724 80.750740 0.484364 0.470089
20.888877 95.440876 2.889333 2.866925
10.764731 70.494029 1.827204 1.443260
18.999969 77.845959 1.262082 1.228178
21.842546 87.501802 1.616249 1.453375
14.409137 75.659470 5.032592 5.019970
18.108047 64.077398 5.285393 5.228396
8.029308 82.178759 1.225776 1.121299
4.564763 71.724320 2.883225 2.852132
11.398010 71.758517 2.858668 2.842088
19.918145 85.032205 4.540944 4.265811
0.972325 75.868798 0.121442 6.238371
13.500743 64.182089 5.901219 3.461300
3.095639 78.386967 1.531210 1.459916
4.298133 92.956862 1.827204 1.443260
18.415725 88.416496 5.285393 5.228396
8.316706 59.539954 1.616249 1.453375
19.999578 59.566868 0.079839 6.278720
8.981599 75.239196 1.225776 1.121299
11.463108 80.638993 4.897329 4.635919
5.965125 59.756634 1.827204 1.443260
16.897893 63.774151 2.894735 2.861136
16.657657 86.369816 0.854310 3.996572
3.815923 82.256063 1.046021 0.748092
20.454426 91.115506 1.753625 1.537580
3.163498 64.334636 0.882811 0.687310
7.975980 82.382715 1.846184 1.600078
2.958771 72.154229 1.931445 1.831356
16.583346 86.234641 5.322564 5.272336
9.237272 94.993342 1.616249 1.453375
7.825297 61.391064 2.889333 2.866925
3.992125 94.373955 0.143318 0.020829
3.515062 65.210845 1.999359 1.851590
16.557346 72.712458 1.921962 1.389121
10.241414 89.185719 5.035807 5.012937
17.084164 88.930245 5.035044 5.028225
1.494861 77.084927 6.041435 6.003646
5.837815 61.907812 0.528237 0.373029
4.580361 85.875097 0.528237 0.373029
10.809259 73.896225 1.921962 1.389121
18.644766 69.497119 5.322564 5.272336
18.728964 64.926277 0.484364 0.470089
21.487767 79.127870 5.018655 5.012989
0.920177 96.409427 5.026923 5.012425
3.364210 69.478546 0.761286 0.725737
0.720120 72.490427 2.848753 2.839622
12.141247 83.073716 1.225776 1.121299
10.946337 76.942207 1.149515 0.732181
8.795298 85.357191 1.999359 1.851590
16.993087 93.902219 6.020990 5.606450
21.155888 83.104813 2.883225 2.852132
12.523363 91.089985 1.512941 0.993147
15.139401 92.240749 5.327154 5.313166
0.878179 60.907418 5.327154 5.313166
13.237387 84.490799 1.766602 1.372097
3.121803 86.624763 5.026923 5.012425
11.209119 64.110006 4.540944 4.265811
13.662965 82.903006 0.041249 6.270605
1.964844 70.060599 0.143318 0.020829
8.388206 92.155766 2.848753 2.839622
13.227621 66.765181 0.405132 0.305630
9.530537 66.597683 1.766602 1.372097
6.662952 91.149676 0.484364 0.470089
0.891193 99.496426 4.542932 4.122325
14.050316 67.406012 5.035807 5.012937
6.968966 99.566377 4.542932 4.122325
10.236679 70.780252 4.830323 4.603149
20.111368 82.057270 1.827204 1.443260
16.329780 69.110244 2.889333 2.866925
3.237540 98.720698 1.999359 1.851590
7.903873 96.328291 2.851589 2.841350
9.958755 89.254398 1.046021 0.748092
21.157088 82.606629 2.854258 2.843323
13.489122 61.685694 1.921962 1.389121
21.123515 63.721353 6.020990 5.606450
1.465365 80.395620 1.999359 1.851590
4.058657 72.486019 1.173534 0.703766
2.409765 98.061208 4.540944 4.265811
0.779851 85.410425 5.179656 3.570426
13.178088 73.023209 5.032120 5.025961
4.223709 66.202975 5.593280 4.292903
12.566490 83.260760 5.279173 5.223159
13.662436 94.005789 6.010938 6.009032
20.440823 84.823640 1.155096 0.997813
16.032736 91.890419 0.148755 0.123492
2.982372 98.808329 6.061985 5.972001
5.976543 74.303564 1.921962 1.389121
18.533511 95.863303 0.043375 0.024322
18.870647 71.889156 0.121442 6.238371
0.705234 88.422612 0.562107 0.499696
13.432878 72.516404 0.761286 0.725737
11.114693 63.315774 1.173534 0.703766
0.170181 95.905248 5.018655 5.012989
1.480639 78.120901 1.173534 0.703766
12.125955 84.005764 1.219078 4.093296
4.226974 72.054962 1.846184 1.600078
9.093923 74.103148 0.761286 0.725737
12.186905 65.628520 0.449332 0.330690
3.291381 94.923178 1.531210 1.459916
3.187226 59.257427 0.227158 0.178135
18.392045 74.839186 4.542932 4.122325
13.951579 87.501353 5.035044 5.028225
1.660322 71.805063 0.394997 0.325351
15.212491 77.179842 1.846184 1.600078
18.886268 81.057497 0.227158 0.178135
6.381812 81.335603 1.531210 1.459916
0.759102 72.110854 2.848753 2.839622
21.928361 61.133779 1.046021 0.748092
2.475373 80.865950 1.046021 0.748092
11.353199 71.955822 5.016071 5.013048
16.147741 85.397259 0.086412 6.269052
2.019241 87.307319 5.322564 5.272336
3.770729 66.138769 5.288834 5.284084
8.797617 73.636548 5.016071 5.013048
3.486693 85.371329 5.024476 5.020963
1.342299 66.972134 0.210807 0.006214
0.015713 96.772943 6.020990 5.606450
3.626694 93.863940 5.327154 5.313166
6.767584 86.866859 5.024476 5.020963
10.072447 87.044343 1.931445 1.831356
5.272689 65.895659 0.043375 0.024322
8.239542 60.846765 1.149515 0.732181
12.905151 93.964567 1.931445 1.831356
9.125625 77.251944 4.454883 4.428931
14.772898 81.540356 5.288834 5.284084
18.109578 80.766669 5.016071 5.013048
11.784680 81.520510 5.327154 5.313166
0.719449 75.327687 5.024476 5.020963
13.771120 96.395846 5.016071 5.013048
19.241027 89.086620 5.035044 5.028225
14.420825 80.674906 1.616249 1.453375
20.393040 77.733107 0.627842 0.362458
5.375824 90.333075 0.148410 6.266820
5.464824 59.797909 1.021293 0.900176
8.579805 80.451800 6.027104 5.983595
0.636858 71.376214 5.018655 5.012989
17.354690 72.303314 0.854310 3.996572
11.189473 62.243408 6.010938 6.009032
13.679689 82.307551 0.041249 6.270605
3.196636 73.653105 5.901219 3.461300
9.211171 79.718395 5.309432 5.221888
15.934740 79.902351 0.640535 0.632329
4.212173 81.189178 0.640535 0.632329
15.643082 59.352611 0.043375 0.024322
4.457436 76.896084 6.020990 5.606450
2.722436 89.302397 4.540944 4.265811
7.259080 84.641748 4.830323 4.603149
17.263356 72.875345 2.898928 2.867322
4.453916 74.065917 5.261338 5.223015
15.593815 88.125440 5.026923 5.012425
21.705165 86.910518 6.069749 6.040142
7.491585 97.053340 2.858668 2.842088
19.799122 61.265678 0.394997 0.325351
0.702211 99.551837 5.901219 3.461300
9.428710 89.093508 5.029770 5.027714
5.258571 79.439308 0.227158 0.178135
7.865267 99.107365 0.600570 0.493119
17.159710 67.228306 0.627842 0.362458
15.230349 61.806674 5.327154 5.313166
11.053327 76.538689 1.225776 1.121299
19.288306 99.292268 0.449332 0.330690
15.994084 98.058191 1.827204 1.443260
13.339128 84.802049 0.640535 0.632329
17.485020 77.028950 5.288834 5.284084
21.315864 67.008044 6.057854 5.970059
5.620062 86.407754 1.827204 1.443260
12.765151 88.879905 6.042503 6.037794
4.846223 99.428622 5.032120 5.025961
21.513732 71.801552 4.540944 4.265811
12.289762 98.685849 5.261338 5.223015
8.279476 69.524644 0.121442 6.238371
18.524403 63.809944 0.394997 0.325351
15.026142 84.071064 6.041435 6.003646
1.483889 80.769542 0.143318 0.020829
10.715258 95.187818 0.854310 3.996572
10.420557 94.468196 1.999359 1.851590
13.965036 70.365516 1.021293 0.900176
20.201243 82.881289 6.057854 5.970059
19.829455 98.856349 5.036333 5.023582
16.730866 77.185203 1.149515 0.732181
2.815608 95.447430 6.040806 6.036551
7.315580 76.478399 2.883225 2.852132
7.543898 66.291540 5.285393 5.228396
11.441493 90.725846 0.148410 6.266820
1.024920 66.416723 6.020990 5.606450
7.466301 86.639294 1.100328 0.760156
7.030337 97.488754 5.261338 5.223015
18.950768 65.083960 5.036333 5.023582
21.369110 75.380040 4.815872 4.082951
3.426710 62.727227 5.036333 5.023582
10.532796 73.951736 2.848753 2.839622
13.160766 60.797637 2.858668 2.842088
5.740892 95.171230 0.761286 0.725737
2.891207 67.431297 0.640535 0.632329
3.617148 67.497093 1.046021 0.748092
20.577324 74.905552 0.079839 6.278720
2.461772 87.025231 0.079839 6.278720
3.783997 63.580726 1.766602 1.372097
4.616450 96.588947 4.542932 4.122325
10.052250 91.907966 4.817236 4.313648
14.318220 73.568489 5.261338 5.223015
20.638438 63.183995 6.063592 6.007617
5.686403 99.633439 0.449332 0.330690
19.881777 84.161515 1.846184 1.600078
13.651498 68.467195 6.063592 6.007617
6.258218 61.473465 5.285393 5.228396
4.931553 62.662313 2.883225 2.852132
5.369930 86.049204 0.627842 0.362458
7.092619 92.052831 6.061985 5.972001
17.084682 90.253039 4.592794 4.120403
14.958247 85.208353 0.484364 0.470089
1.329353 66.838254 0.449332 0.330690
15.946348 61.848673 1.173534 0.703766
3.089274 79.615329 0.405132 0.305630
5.089662 96.483134 4.897329 4.635919
5.219828 74.787127 2.889333 2.866925
20.690934 94.569629 5.036333 5.023582
1.890947 87.644681 1.100328 0.760156
5.407704 91.286725 1.173534 0.703766
9.521840 70.161512 1.753625 1.537580
12.056166 86.760405 5.035807 5.012937
18.392377 75.084355 4.542932 4.122325
9.165000 85.671665 1.021293 0.900176
20.320948 63.105287 5.348986 5.322084
9.154519 73.370080 6.069749 6.040142
4.709400 91.837116 0.600570 0.493119
1.256932 67.768596 0.227158 0.178135
15.191396 76.443836 4.897329 4.635919
21.252803 88.043404 2.854258 2.843323
6.830133 72.761047 1.155096 0.997813
3.638899 65.554533 2.889333 2.866925
20.163482 78.244674 1.999359 1.851590
1.650959 61.701198 1.616249 1.453375
19.168770 89.146324 2.889333 2.866925
11.986521 94.883017 5.029770 5.027714
4.521133 80.169096 6.027104 5.983595
2.480722 60.421649 1.701294 1.608260
0.492694 68.983034 4.830323 4.603149
13.059378 89.073596 1.616249 1.453375
5.439500 75.318713 4.542932 4.122325
14.915088 67.765695 4.542932 4.122325
1.546715 98.691594 0.405132 0.305630
12.357694 85.468042 5.279173 5.223159
15.333804 73.061167 0.627842 0.362458
2.176666 83.679399 0.041249 6.270605
6.360341 94.107091 1.766602 1.372097
7.190585 94.294381 2.889333 2.866925
10.754217 88.890613 0.394997 0.325351
18.994711 93.336438 0.143318 0.020829
1.537620 96.773761 2.883225 2.852132
0.620506 68.630818 5.029770 5.027714
20.623459 80.521447 0.562107 0.499696
7.056094 84.031362 1.753625 1.537580
19.273956 85.758574 1.021293 0.900176
2.460844 76.767013 5.322564 5.272336
4.442796 77.457837 0.210807 0.006214
11.592746 93.640789 4.897329 4.635919
15.956952 89.919031 6.069749 6.040142
13.266173 92.062008 4.454883 4.428931
2.238838 65.083493 1.311263 0.343487
21.608675 79.576197 1.149515 0.732181
6.654877 84.856410 1.753625 1.537580
14.900558 95.618504 1.512941 0.993147
6.184747 95.833036 0.148410 6.266820
13.013886 62.866579 1.149515 0.732181
18.774419 70.302555 5.288834 5.284084
18.915136 91.224532 1.219078 4.093296
4.609901 86.071752 1.311263 0.343487
5.377400 70.008781 6.063592 6.007617
8.732645 78.457295 0.528237 0.373029
8.328484 92.892910 5.029770 5.027714
13.257094 78.497998 5.029770 5.027714
14.890829 60.937961 2.848753 2.839622
1.600719 78.870543 6.020990 5.606450
12.032902 73.636532 6.027104 5.983595
2.642294 80.475088 5.018655 5.012989
12.830072 82.679385 2.858668 2.842088
11.471874 83.441348 4.815872 4.082951
3.661578 79.194538 2.889333 2.866925
11.884974 73.755207 1.155096 0.997813
4.331892 79.143537 1.262082 1.228178
13.569546 68.908032 5.179656 3.570426
7.898315 65.193389 4.454883 4.428931
15.055280 63.892629 0.043375 0.024322
16.080853 67.746876 1.753625 1.537580
1.357107 81.852237 5.018655 5.012989
6.539646 91.611947 5.327154 5.313166
18.397937 88.852437 5.901219 3.461300
8.198270 92.836672 2.889333 2.866925
12.622930 82.140453 1.531210 1.459916
16.232658 84.814606 0.854310 3.996572
9.770912 75.595555 0.043375 0.024322
18.670961 72.579993 2.885272 2.883148
14.043734 74.177591 1.100328 0.760156
7.606803 67.307446 0.627842 0.362458
6.433434 99.135571 1.155096 0.997813
13.752433 75.889238 1.686355 1.585612
3.708853 61.412627 0.079839 6.278720
4.547959 85.964986 5.322564 5.272336
10.513288 93.023628 5.348986 5.322084
7.016294 60.417376 5.032120 5.025961
10.999784 66.217998 5.901219 3.461300
0.157985 62.926109 4.454883 4.428931
18.762871 77.844983 5.901219 3.461300
20.019636 79.316397 6.063592 6.007617
10.498906 98.802731 5.035044 5.028225
17.089690 90.368911 2.854258 2.843323
17.575734 59.101152 4.540944 4.265811
15.980644 90.209774 0.086412 6.269052
15.414116 91.962186 0.854310 3.996572
4.092178 61.933856 6.069749 6.040142
10.347984 67.038998 5.288834 5.284084
9.753960 66.819536 0.041249 6.270605
2.267809 74.511387 2.854258 2.843323
18.098331 83.763635 5.024476 5.020963
19.214604 83.822916 4.454883 4.428931
9.999141 99.753967 6.057854 5.970059
9.745398 88.116682 6.071201 6.053939
18.763925 86.808025 5.279173 5.223159
8.719951 64.325643 5.036333 5.023582
7.884076 60.302577 1.262082 1.228178
8.160061 99.889172 6.057854 5.970059
1.248807 62.878629 1.753625 1.537580
16.261253 62.219685 6.020990 5.606450
11.027462 90.975908 1.155096 0.997813
4.070708 91.411017 1.921962 1.389121
4.258251 63.025199 6.010938 6.009032
5.588818 73.622633 0.854310 3.996572
16.330150 83.273474 4.815872 4.082951
9.684920 64.469896 1.686355 1.585612
0.342335 90.256266 1.616249 1.453375
4.660459 81.099463 0.143318 0.020829
19.924568 82.373789 6.027104 5.983595
20.891782 82.722154 1.100328 0.760156
12.730804 69.835632 0.394997 0.325351
10.958807 94.626812 5.285393 5.228396
13.183779 86.482667 0.079839 6.278720
20.598507 69.076405 5.261338 5.223015
12.309038 90.628017 1.921962 1.389121
15.460419 78.300091 0.148755 0.123492
7.727649 94.906859 0.627842 0.362458
7.457252 72.040355 4.454883 4.428931
16.420998 97.032625 0.449332 0.330690
15.407500 71.476562 1.219078 4.093296
5.192621 81.117260 4.815872 4.082951
11.364311 85.833310 6.063592 6.007617
20.513225 64.802521 6.040806 6.036551
2.145706 85.882357 5.024476 5.020963
9.994330 68.912374 2.851589 2.841350
18.409632 76.056577 6.041435 6.003646
18.430541 65.607333 0.484364 0.470089
4.287416 66.893034 1.701294 1.608260
11.907890 90.363929 6.042503 6.037794
21.000839 94.581713 1.512941 0.993147
18.836206 86.076219 0.148755 0.123492
6.588750 94.537907 4.955304 4.306759
3.520046 60.270614 6.027104 5.983595
16.314581 90.789010 5.288834 5.284084
14.991820 91.805469 1.531210 1.459916
12.791636 67.777926 2.848753 2.839622
14.669765 62.725260 1.753625 1.537580
2.924178 60.706644 0.043375 0.024322
3.361609 99.650071 1.155096 0.997813
17.527428 92.267151 5.348986 5.322084
18.822849 80.828665 5.052853 2.885665
8.864990 79.732285 6.071201 6.053939
19.334740 72.827237 1.616249 1.453375
11.774895 98.224196 5.024476 5.020963
14.189228 95.309424 1.100328 0.760156
12.994567 61.630087 0.640535 0.632329
9.071626 78.107577 1.149515 0.732181
19.194382 92.975437 0.449332 0.330690
12.886691 95.171111 2.848753 2.839622
3.017603 79.946991 6.010938 6.009032
3.393488 89.467893 5.285393 5.228396
11.372252 86.884476 0.761286 0.725737
8.734416 86.301613 1.686355 1.585612
20.974415 90.848494 2.858668 2.842088
3.562284 61.832977 4.454883 4.428931
19.989493 93.536911 1.046021 0.748092
21.905523 71.320012 6.040806 6.036551
8.287427 77.869541 5.032120 5.025961
11.695231 89.434476 0.079839 6.278720
17.489932 82.719459 2.898928 2.867322
14.563325 66.112286 0.405132 0.305630
19.956934 92.569999 1.616249 1.453375
2.703199 63.886131 1.616249 1.453375
5.903740 61.743690 1.753625 1.537580
7.935796 64.880640 0.528237 0.373029
11.791543 84.996452 2.848753 2.839622
16.155186 59.866768 1.046021 0.748092
7.043503 61.235800 1.219078 4.093296
