0 4205
0 1777
4 28311
4 11296
7 14152
10 26010
10 8252
11 25886
13 26294
13 5460
13 3430
16 333
17 29705
19 8290
21 15657
22 17994
23 29547
23 29291
26 29566
26 17759
26 1072
31 29481
32 3158
33 23523
34 25831
37 23537
37 12167
39 13126
42 16910
42 12033
43 19775
43 7293
44 27085
47 18751
47 4328
48 16971
48 3630
49 11408
50 25824
50 19104
51 26156
53 20657
53 12767
53 10530
53 4129
55 14259
56 16767
57 26190
57 7335
57 393
60 29051
61 21140
62 28962
65 12953
69 23254
70 438
71 6776
71 1915
74 9523
76 21806
76 18292
77 15393
77 7959
78 9555
82 27390
82 22566
82 11970
83 2710
86 7000
89 15277
91 24414
91 6427
95 23000
96 27987
97 22830
97 11003
98 26412
99 24945
99 1521
100 18353
101 16939
103 22611
103 22593
104 9833
108 13355
108 13240
109 18594
110 25670
110 6530
111 9572
115 21802
117 20593
118 18160
119 9951
119 7094
120 5749
121 22739
124 28949
124 812
125 27254
126 8107
126 7259
126 2595
126 1572
127 15571
127 13145
127 5879
129 8426
131 23152
132 25260
136 9321
138 9721
144 27735
144 17266
145 25308
145 10872
145 8660
147 23027
148 8677
148 8329
151 21040
154 13411
154 3642
158 14508
161 21119
162 730
163 21697
163 21079
163 9495
166 27202
166 5635
168 21595
171 27057
172 22566
172 14974
172 5776
179 20838
179 4455
180 22503
181 18110
183 7266
184 22920
185 7354
187 9364
187 4936
191 21896
192 20260
192 18207
193 14798
195 24883
197 19957
197 15715
198 7727
199 28661
199 21157
199 11177
199 776
200 2484
205 17541
207 12727
209 1607
210 24079
210 9931
210 8301
212 29751
212 15407
212 14647
215 24261
216 7898
220 26127
220 13499
222 19600
223 12298
223 12163
223 8332
224 11726
228 14413
228 2981
230 20885
231 26035
234 21573
234 12985
234 6556
234 1591
235 3861
235 517
236 29170
238 8138
246 23217
246 1500
247 29974
248 12316
253 28313
255 18417
266 12198
267 15435
268 7552
269 22386
270 24281
270 3920
271 12352
272 5399
274 25957
274 14826
274 4767
275 22216
275 3006
275 408
276 22305
276 3466
277 21856
282 13352
282 8030
282 4404
283 2331
284 9424
284 5635
286 26140
286 20086
287 13316
288 1597
289 22280
289 22108
290 28967
291 12657
293 17125
295 2379
297 17387
298 15372
300 14164
301 18633
303 308
305 16805
308 17480
311 27161
312 28328
312 15852
314 28838
314 16539
319 29389
319 3351
320 22314
320 10954
325 24278
329 11045
331 12244
332 3917
333 29584
333 26575
334 12446
335 4054
338 18478
339 5539
341 19017
341 15798
343 26671
343 6830
344 19717
345 20998
345 18092
345 12277
348 18605
349 27179
350 9689
351 12277
359 14393
361 21264
361 17062
363 23831
363 7878
363 6084
364 13935
365 29603
366 19250
366 10417
366 9486
367 10724
368 21743
370 20735
370 5048
371 17922
371 1836
373 930
374 12491
374 1659
375 22177
376 20470
378 3181
379 490
380 5791
380 1184
385 6345
387 23419
387 22099
390 4928
390 2978
397 6688
403 12994
404 15099
405 26895
405 19008
407 23698
409 6415
414 8047
414 1112
417 7152
418 13356
418 5142
419 12345
419 5874
420 22987
421 11036
422 15782
422 9365
425 28105
426 23531
430 9071
430 1870
431 10718
431 8266
433 11447
434 29226
435 14601
436 27866
436 1204
437 23357
437 18264
438 20619
438 4741
440 7389
441 3759
442 6297
443 8631
443 531
444 8960
444 6030
445 21934
448 26849
450 27677
450 21351
452 8025
453 18897
453 16985
455 1273
456 6712
458 2247
459 14870
459 7455
461 29819
461 25968
461 1271
462 17213
464 24951
467 9372
468 27171
468 24553
468 18909
468 1778
471 17910
471 10680
472 24443
472 15195
473 24505
473 10848
473 2591
474 11133
476 15075
476 7424
476 1046
478 29518
479 20002
480 27797
480 19981
485 20519
487 21914
488 24984
492 12532
493 8478
494 11972
495 16306
495 4124
496 21549
496 10728
500 18611
502 18996
504 26055
504 24640
505 16468
506 11576
506 2057
509 4144
509 3100
513 21972
514 15662
514 6951
516 4783
517 29759
517 19563
524 6240
525 4375
526 7084
527 1754
527 696
529 8488
531 4577
537 14403
539 8109
541 762
543 7883
544 9484
547 26556
548 27044
549 29487
549 15688
549 11625
552 16826
552 13966
552 3019
554 25366
554 8702
555 3208
557 12975
557 5484
558 8215
558 2314
559 15237
562 23870
563 20366
563 15294
567 18238
567 6416
568 4894
570 16877
574 28070
574 6168
575 21469
576 22003
576 17301
576 7860
576 6715
577 16600
578 19942
578 695
580 15274
582 17817
582 6638
583 17217
584 16717
584 2125
584 1540
585 29447
588 2759
589 2426
591 23870
591 10569
591 2726
591 2463
592 28170
592 20884
593 25843
594 20209
595 18067
595 13407
596 7280
596 4300
599 29595
599 16026
605 28130
605 18538
605 16321
606 22003
607 5072
609 25647
609 20619
609 18441
610 13535
613 29632
613 19137
615 21315
615 18227
615 16917
615 9592
619 7063
620 26866
621 2158
626 12838
626 1723
627 1420
628 23514
629 3208
630 8626
632 5287
635 28144
635 7344
638 14183
644 2574
650 25252
650 22653
650 5927
651 29720
651 18242
653 8956
659 28972
659 1244
662 8637
663 18013
664 23514
666 28760
667 13131
668 23271
669 24214
669 18858
670 1670
673 19721
675 11257
676 6559
677 17111
678 26735
678 8118
679 26863
679 26141
679 11981
680 22408
681 2702
682 21815
682 8219
682 4212
685 20619
685 15528
686 4159
687 27439
687 23099
687 15423
688 2554
690 19824
690 5751
693 11616
696 26577
697 12911
700 3720
702 29284
702 28666
702 16084
702 3405
703 19323
703 18961
703 8319
704 11723
705 10988
706 23177
706 8379
708 16675
711 9837
712 23818
712 14758
714 22701
714 15449
715 29320
715 15767
716 20617
717 26618
718 9110
719 23963
720 29205
721 25046
721 10307
721 7567
722 25651
722 2563
722 1013
723 15172
727 21340
727 11282
727 8063
728 14974
728 10747
729 25621
732 19984
733 27266
733 17158
734 5951
735 8323
736 18014
736 4997
736 743
740 24784
742 28970
742 25581
743 22972
743 19263
743 17010
747 1191
748 13085
753 25212
755 3363
756 7411
757 25178
757 20050
758 22034
758 4040
760 24361
760 17611
762 3419
764 3753
765 2774
767 27387
769 12150
772 9071
772 7794
772 2603
773 22695
773 6665
775 24195
776 13651
777 9980
779 6878
780 8177
783 22487
783 10919
786 3346
788 13882
793 25955
793 20681
794 11971
797 10571
802 23719
803 14765
806 24853
806 2326
807 28837
807 15008
808 25887
809 20331
809 14705
810 12835
811 22640
813 23038
815 8892
816 25042
819 7944
820 4452
821 12128
822 5674
824 3847
824 2496
825 28729
826 13596
827 20312
830 26953
835 12072
836 21492
837 27398
837 24343
837 13222
837 3253
838 8432
839 6832
840 18314
841 8475
842 22499
842 16437
842 7620
847 20484
847 4756
847 3553
850 13584
850 11249
854 29432
855 15328
859 16637
859 6682
861 28558
861 1423
863 1050
866 28416
866 24819
867 15679
870 18167
871 1284
872 1384
873 17308
874 23527
877 11833
878 16818
879 1104
882 16375
883 27884
886 20531
887 9650
888 12197
888 7027
888 5817
893 27994
894 2412
896 26366
896 1551
898 21691
898 19662
901 17497
904 24015
906 20283
907 28231
908 1288
913 1229
914 23317
914 18586
914 5820
915 22025
916 15132
919 2096
921 14555
921 4038
923 19827
924 29538
924 4581
924 3981
925 29824
925 17968
925 11390
928 12435
928 11575
929 22935
930 18623
931 28711
931 22770
933 18916
933 11570
935 24271
936 17861
940 2610
941 20929
942 28311
942 14583
943 7630
945 22643
946 16669
946 14685
946 4715
950 17855
952 28700
954 14544
955 19310
955 16224
955 11151
955 1777
957 28835
958 7486
965 27995
965 19135
965 8521
968 21993
969 8769
970 28038
970 12986
971 26412
971 5913
972 1249
974 28016
974 26736
975 21119
979 14115
980 6534
981 3554
982 24613
983 1625
983 1024
986 21900
986 19955
987 22062
987 14717
988 13862
988 5896
988 3951
989 25769
989 8100
991 16105
991 13214
992 13287
993 20050
994 25918
995 21037
996 20952
996 8733
997 11242
997 10582
997 5549
998 25881
999 17737
999 17507
1002 20244
1003 27713
1003 26165
1003 24634
1004 22580
1004 12210
1007 1819
1009 26076
1009 5863
1010 20664
1010 11427
1012 8724
1013 22395
1013 14558
1013 9531
1014 19486
1015 22028
1017 22539
1018 3876
1019 11854
1021 21838
1021 5266
1021 3605
1024 14635
1025 18450
1025 13157
1025 8034
1026 20066
1027 6225
1028 13036
1028 11780
1029 24097
1031 10231
1034 3554
1035 7580
1036 5604
1037 26901
1039 14356
1041 25826
1042 28169
1044 24057
1044 24044
1044 12745
1045 29134
1045 11401
1045 7326
1046 20108
1046 16352
1051 29311
1051 23198
1052 29894
1052 7177
1054 10164
1056 27388
1059 28667
1059 19896
1059 5890
1059 1333
1060 7630
1062 17891
1066 26741
1066 12743
1068 26119
1068 5915
1068 4498
1070 4287
1071 20483
1071 15609
1072 29559
1073 5885
1076 10741
1077 29388
1077 29049
1078 25082
1078 7976
1079 6223
1082 22342
1084 25092
1087 10643
1089 8952
1091 18663
1092 22955
1092 11837
1092 5569
1093 12911
1094 11634
1096 6730
1096 2555
1097 9344
1098 3784
1099 11414
1101 17532
1102 23150
1102 5700
1103 15625
1105 27156
1108 29633
1108 20321
1108 11048
1110 25727
1111 22756
1111 21010
1111 11987
1111 6282
1112 25781
1112 19386
1113 28297
1116 2491
1117 29254
1117 4294
1122 4060
1123 7879
1126 18742
1128 15823
1129 22940
1129 22345
1129 20346
1129 18776
1131 19749
1132 28234
1132 23632
1134 18074
1136 26850
1139 1920
1140 2839
1142 20530
1143 21638
1145 4813
1147 22512
1148 19400
1148 14299
1149 16637
1150 4686
1151 23212
1153 2498
1153 2143
1154 3582
1155 20662
1158 26119
1158 22125
1159 20224
1159 4717
1162 18937
1164 26936
1166 29503
1166 16895
1166 11986
1170 3166
1172 23493
1172 12765
1172 6388
1172 5742
1174 24130
1174 23626
1174 5855
1175 26776
1176 20851
1177 25449
1178 8921
1178 7219
1179 8630
1180 19302
1180 3653
1181 27951
1182 13198
1184 4090
1185 16152
1186 2743
1188 13404
1189 28096
1190 6812
1192 3439
1193 13222
1193 13121
1194 15222
1195 17797
1198 10740
1200 17762
1203 29827
1203 26588
1207 29383
1208 24740
1208 12812
1208 6876
1210 2206
1211 13448
1211 13256
1213 11449
1216 19511
1217 5813
1220 26674
1220 22068
1220 20225
1220 3154
1221 8448
1223 16966
1224 23555
1224 18859
1228 16508
1228 13329
1229 19976
1231 18404
1232 2231
1233 8665
1234 26875
1234 19629
1238 6637
1238 1572
1239 24447
1240 1873
1241 27764
1246 18012
1247 4226
1250 29552
1251 9901
1253 28511
1255 26536
1255 15352
1258 29685
1261 1332
1263 24452
1265 26332
1265 9273
1266 25880
1267 2998
1270 6188
1271 3116
1273 12921
1274 14863
1276 20045
1277 24716
1277 20141
1278 27322
1278 10166
1279 19677
1279 9323
1280 13981
1280 5333
1281 25671
1281 12070
1282 19867
1282 2294
1285 11992
1286 18775
1288 26084
1289 6196
1289 2356
1293 12962
1293 9364
1293 9135
1294 27301
1294 8945
1296 16256
1299 25850
1302 29317
1302 1884
1305 6934
1306 6478
1309 18165
1310 28320
1310 4453
1311 10089
1312 9952
1313 27830
1313 12288
1314 23050
1314 14501
1314 5417
1315 17807
1316 3317
1317 28703
1317 17698
1317 8367
1318 5160
1325 1793
1327 18649
1329 8311
1331 6245
1331 6207
1332 26991
1332 18385
1332 7708
1333 27512
1334 29808
1336 23446
1344 19763
1345 19730
1346 26239
1347 15474
1348 26123
1351 22579
1352 19170
1352 17958
1354 4444
1355 6532
1359 24989
1359 2295
1360 25773
1363 28763
1363 26151
1365 16592
1365 4985
1367 15885
1368 5116
1371 8312
1372 25277
1376 16236
1376 15482
1378 10053
1379 15344
1379 10726
1380 5334
1381 28320
1381 3369
1384 23547
1386 26861
1386 11638
1391 5403
1391 4884
1395 13609
1396 26252
1396 16967
1402 29104
1404 9063
1406 8584
1407 28491
1407 17838
1408 3615
1408 2865
1409 20538
1410 12756
1411 23224
1411 19313
1411 16960
1411 13007
1412 29219
1413 18865
1413 9298
1415 1946
1416 24178
1416 13344
1418 14260
1420 22581
1422 15016
1423 28359
1423 7504
1423 4914
1423 2438
1424 9616
1424 2000
1427 19535
1427 12583
1428 19311
1429 28010
1431 10531
1432 5148
1433 3053
1434 28542
1439 18272
1439 1828
1440 6114
1441 25606
1443 2279
1445 29684
1445 9665
1447 26869
1448 9330
1449 22681
1456 23701
1457 2421
1458 26127
1458 22296
1459 27216
1459 11882
1460 10614
1462 29533
1462 20490
1463 8908
1463 2480
1463 1617
1464 25472
1465 25403
1466 23309
1467 17449
1467 16978
1468 12383
1469 2510
1470 8307
1471 20300
1471 2613
1474 2026
1476 4326
1478 19263
1479 22188
1480 25891
1480 6864
1480 5517
1482 24420
1485 19746
1486 24281
1487 26365
1487 9040
1487 7809
1487 3902
1489 12042
1489 10988
1489 8991
1490 9648
1492 23000
1492 6390
1493 24177
1494 25306
1495 29601
1495 22135
1496 2220
1498 10395
1503 3172
1504 22054
1504 6730
1506 24281
1506 23248
1506 9833
1507 20341
1508 2681
1509 15639
1512 16664
1512 8787
1514 27522
1514 24945
1517 12478
1518 25962
1518 23374
1520 21592
1521 3737
1523 29403
1527 29961
1529 29064
1529 23454
1530 16686
1531 6990
1532 1850
1533 6629
1536 25599
1536 22698
1536 12854
1537 16796
1537 12495
1538 21618
1538 15293
1542 4917
1544 20236
1545 29855
1546 18387
1546 6731
1548 3177
1552 15018
1553 22916
1554 28081
1554 22482
1554 13406
1556 24758
1557 13404
1558 20175
1560 26341
1560 14349
1560 11999
1562 15942
1562 14883
1565 11705
1571 18624
1572 15151
1573 12651
1578 21134
1578 20033
1578 5139
1579 2325
1582 20014
1587 24914
1587 8121
1587 3966
1588 11406
1590 13157
1591 1635
1592 17692
1594 20103
1599 5487
1599 2307
1599 2302
1604 6587
1605 17626
1605 14180
1606 22060
1607 15824
1608 28367
1613 27112
1615 10990
1615 10341
1617 21321
1618 2090
1619 10547
1619 2688
1621 5538
1622 29069
1622 25712
1622 12669
1622 8740
1623 24172
1623 16008
1627 7165
1631 18681
1631 13263
1633 5969
1635 23855
1635 10838
1636 21004
1637 16475
1638 4359
1642 4760
1643 11707
1645 7945
1646 20722
1646 20007
1646 17223
1646 4652
1647 24744
1648 14501
1650 2070
1653 26537
1655 12649
1655 3367
1658 21615
1658 21069
1659 23406
1659 19318
1659 13425
1662 3374
1664 23666
1670 21004
1670 20570
1670 12900
1674 1784
1674 1773
1679 1749
1681 29039
1681 18422
1683 15211
1684 3595
1686 8681
1686 8252
1687 14767
1688 3296
1690 2265
1691 28043
1691 25611
1691 18685
1698 18979
1699 11093
1701 1789
1702 12106
1703 12441
1703 9895
1706 21604
1706 4779
1709 7631
1712 2306
1713 24165
1713 10498
1713 9666
1714 8972
1715 3597
1719 27975
1719 17178
1722 7440
1723 16457
1723 2158
1724 23834
1724 18867
1725 2343
1726 3727
1727 10534
1728 27656
1729 8238
1731 16445
1733 14150
1733 6822
1736 9752
1737 12177
1738 13769
1739 18885
1740 23324
1741 23667
1741 15594
1745 14642
1746 4259
1747 20868
1748 9578
1751 27345
1751 12368
1753 10511
1754 7348
1757 8021
1758 22868
1758 4269
1759 6654
1759 2730
1761 27607
1762 9816
1763 15591
1763 14707
1764 18347
1764 15610
1767 4716
1769 2340
1770 24187
1770 3834
1771 29372
1771 12158
1773 23384
1773 22729
1775 14348
1776 14577
1776 11586
1779 29329
1779 10666
1780 18193
1781 27195
1783 10477
1787 15833
1787 3277
1788 27838
1790 11109
1790 6917
1793 6619
1795 7727
1796 22581
1796 19862
1797 25768
1799 19230
1800 17328
1800 2216
1802 5243
1804 25259
1804 22748
1806 23010
1806 5795
1807 15857
1807 8673
1808 22987
1808 20108
1810 25089
1811 4566
1817 28850
1819 17482
1819 14908
1819 14647
1821 14344
1821 7855
1821 6223
1824 26949
1824 21645
1824 13831
1824 11827
1824 10347
1824 9068
1824 2435
1824 2203
1826 15426
1827 11772
1827 2482
1828 24375
1829 29454
1831 29481
1831 9422
1833 26457
1834 26162
1834 5172
1835 10926
1836 8226
1837 28059
1840 7276
1843 8204
1845 8511
1846 11908
1850 28321
1850 21448
1852 9896
1855 8743
1856 14429
1858 9700
1859 3494
1861 3766
1862 22095
1864 16558
1865 29203
1865 20324
1867 2838
1870 3419
1871 24232
1872 1991
1874 13278
1875 1985
1876 25758
1876 23653
1876 20406
1877 2302
1878 26048
1878 17378
1879 13388
1881 24271
1882 21129
1882 19578
1883 10559
1884 13123
1885 23692
1886 5004
1890 29848
1890 18977
1891 18554
1892 9630
1893 27689
1895 8735
1899 28288
1899 17169
1899 9230
1901 24708
1901 18486
1904 14775
1904 6905
1906 13894
1907 3414
1909 21545
1909 20463
1909 15335
1913 26573
1915 21449
1915 3053
1916 12198
1918 29456
1918 27748
1918 24506
1919 4295
1920 7885
1921 22120
1922 27989
1922 5569
1925 26424
1925 23495
1927 27194
1927 15777
1928 27456
1928 5840
1929 12834
1929 6949
1932 14178
1932 10152
1932 6168
1932 2531
1933 18254
1935 27834
1936 12851
1939 12057
1939 3037
1940 22003
1944 12707
1946 12041
1946 8129
1947 28072
1947 22026
1948 13596
1948 11905
1948 8823
1952 9898
1954 2974
1959 3994
1961 5129
1963 2142
1964 10052
1969 24318
1970 23244
1970 16784
1970 4084
1973 24667
1973 23008
1974 19050
1974 13220
1979 29754
1979 26642
1979 11434
1981 20823
1981 14951
1983 19814
1983 9057
1984 5462
1985 24311
1985 22792
1987 11311
1989 18370
1989 16817
1989 6653
1990 28396
1990 8936
1990 4216
1991 12249
1992 27869
1996 11509
2000 12255
2000 3666
2003 19890
2004 21191
2004 10890
2008 26346
2009 21297
2009 19537
2009 12195
2011 23283
2012 4118
2014 14725
2014 2299
2016 11051
2018 2523
2020 2387
2021 11044
2022 16916
2025 20594
2026 5787
2028 5373
2029 27525
2029 22058
2032 12779
2033 29902
2036 19840
2037 3025
2042 18027
2043 18348
2043 14497
2044 4015
2045 11750
2047 28363
2047 19415
2047 3567
2048 29502
2053 16684
2054 8503
2054 2305
2055 7645
2057 16408
2057 11696
2058 2303
2060 8201
2061 22681
2061 11480
2063 20166
2063 17151
2066 27766
2068 3545
2070 19926
2071 8386
2071 6936
2073 13937
2076 15346
2076 7155
2077 27701
2078 29616
2081 5726
2082 21581
2082 9581
2082 3237
2085 9517
2086 18589
2086 12177
2086 11355
2087 20122
2089 14903
2091 28776
2091 3972
2092 24276
2095 21093
2095 8012
2095 3189
2097 5267
2098 10985
2100 23654
2103 22304
2103 10077
2103 6947
2105 10250
2111 10444
2114 4002
2116 16517
2117 11961
2118 29648
2118 27802
2118 27377
2120 29782
2122 12537
2123 8701
2123 4918
2124 21077
2126 17060
2127 26237
2130 20406
2132 20007
2134 21467
2134 14003
2134 11371
2136 16387
2137 14701
2139 14332
2141 23139
2144 11584
2146 19828
2146 9881
2147 25798
2148 29387
2149 16919
2150 11531
2151 13659
2152 7755
2153 27955
2158 12377
2158 7549
2160 28515
2160 20374
2161 12852
2162 2871
2165 3573
2166 10626
2166 2654
2171 28765
2172 21821
2174 28909
2176 8064
2177 13513
2179 9841
2181 24737
2181 19188
2181 11022
2184 19443
2185 10805
2186 4599
2187 27627
2189 18687
2190 3821
2193 11669
2194 11460
2194 7640
2195 13251
2196 22557
2197 8926
2199 21471
2200 20274
2201 17454
2202 29675
2202 18970
2203 25898
2203 25172
2203 17128
2203 15528
2205 24361
2206 3731
2208 28725
2210 23768
2210 21433
2210 8140
2213 29129
2213 8231
2213 5436
2215 11929
2216 21384
2217 23640
2220 6134
2220 5776
2221 26618
2221 20360
2221 8772
2222 6129
2223 29898
2225 5617
2227 26832
2227 13791
2228 4356
2231 22805
2231 14939
2232 17731
2234 22770
2234 16901
2235 20355
2235 9539
2239 25161
2240 25804
2243 7905
2243 4415
2247 12615
2247 11852
2247 4714
2249 9008
2250 2402
2251 16944
2251 5468
2252 18975
2253 17270
2256 18961
2257 5086
2259 20984
2259 16104
2259 9582
2261 7283
2261 4787
2263 14458
2263 14044
2264 26299
2265 11338
2265 3429
2268 24372
2268 16432
2269 11868
2272 5435
2274 15190
2274 4086
2276 4238
2277 22658
2278 11430
2279 17351
2281 27927
2284 12958
2285 22361
2285 16986
2285 9347
2286 16432
2286 12623
2291 17829
2291 17155
2291 13840
2294 3836
2295 2828
2302 14673
2303 10604
2306 28623
2306 17264
2306 14883
2307 18282
2307 12788
2307 5289
2308 23378
2315 27456
2316 9637
2318 29530
2319 24050
2319 16051
2321 15397
2321 10253
2322 9462
2324 10685
2325 24826
2327 22273
2327 21897
2335 28298
2335 7034
2335 2597
2336 13244
2337 23188
2338 27168
2340 28449
2340 4071
2341 18565
2341 3900
2342 14056
2342 9872
2343 29447
2345 19818
2347 15395
2350 20513
2352 10600
2352 4505
2353 15682
2353 2774
2354 3440
2355 27483
2356 17268
2357 16973
2359 16918
2361 23891
2361 10316
2361 9246
2362 11203
2364 19657
2367 8720
2368 26958
2368 4971
2369 8581
2370 9870
2370 7300
2371 23530
2372 12236
2373 19306
2373 6979
2373 5137
2374 28027
2374 12374
2375 22395
2376 10354
2377 29815
2377 14109
2377 5239
2379 5908
2380 11235
2381 22760
2381 13411
2384 20227
2384 5127
2386 27319
2388 6779
2390 18600
2390 12755
2390 3056
2391 24574
2392 16685
2392 2919
2393 14544
2393 10006
2395 11802
2397 20723
2398 20101
2402 12734
2402 9818
2402 2582
2402 2442
2405 19140
2405 19053
2406 26390
2407 28765
2407 4484
2408 29991
2409 2635
2410 6976
2411 29476
2411 6808
2413 11772
2414 11211
2416 3820
2417 25278
2418 23211
2419 20751
2419 16235
2423 3737
2424 2575
2426 4149
2426 3090
2427 23715
2427 20128
2427 18312
2427 3734
2428 10808
2430 19790
2431 27711
2431 26013
2431 6491
2434 16168
2435 21430
2435 19868
2435 11997
2436 3903
2442 26390
2442 21110
2442 6356
2443 15478
2443 2597
2444 26929
2444 21838
2445 21145
2447 9879
2448 18228
2448 16885
2449 19281
2452 13439
2453 22479
2455 7327
2458 21001
2458 8083
2461 10354
2464 28325
2465 10437
2465 6566
2466 9179
2469 8049
2470 27103
2470 22036
2470 11827
2471 29812
2471 3847
2472 22694
2472 13634
2473 18496
2473 18124
2473 10117
2476 21776
2476 16775
2478 27326
2479 28948
2479 17954
2480 3085
2482 15685
2482 12092
2483 18594
2485 14291
2487 28914
2488 28291
2490 4194
2492 20437
2493 16225
2494 23189
2497 25243
2498 23799
2498 16824
2499 13267
2499 9123
2500 24725
2500 9058
2500 6847
2503 16322
2504 15598
2505 22281
2507 9641
2513 10892
2514 9752
2515 28868
2517 10918
2522 24663
2522 17380
2523 29513
2523 15860
2524 2581
2525 14678
2530 4912
2531 3805
2533 4573
2534 9701
2534 5341
2536 17317
2537 14228
2538 6073
2539 25415
2539 11239
2540 13214
2540 10439
2540 6453
2541 9526
2545 23117
2546 24431
2546 4925
2547 29342
2549 22705
2550 16295
2551 21292
2552 13185
2552 6849
2555 9576
2555 8963
2557 14936
2557 12398
2559 22873
2559 4857
2560 22944
2560 22456
2560 6435
2562 16699
2562 12232
2564 15768
2565 14121
2565 4948
2567 25613
2567 11340
2567 5550
2568 28745
2568 3985
2569 21254
2571 4486
2573 18251
2575 5980
2576 11113
2577 25581
2577 13076
2577 9689
2578 23947
2580 7700
2581 16957
2581 15510
2581 7554
2582 21385
2583 11169
2588 28983
2588 15112
2589 7838
2589 4065
2590 4078
2591 21116
2596 22229
2596 7937
2598 19457
2598 17524
2598 9704
2599 28646
2600 6938
2603 18470
2604 17892
2605 20223
2605 16237
2605 7209
2608 24104
2608 8308
2612 29794
2613 28999
2618 7941
2619 29864
2621 10998
2623 17234
2626 17290
2626 6174
2629 11948
2632 11540
2634 23716
2635 17107
2638 6779
2638 3412
2639 25502
2639 4991
2640 22560
2641 24769
2642 28255
2644 9228
2644 2821
2645 16869
2646 15028
2646 9837
2647 13541
2648 7918
2649 19657
2650 10190
2652 23832
2652 23159
2652 11758
2653 12673
2655 22870
2657 18842
2657 12255
2658 15804
2664 22372
2665 6775
2667 20656
2673 3016
2674 25641
2675 24520
2677 15167
2677 11153
2677 3492
2677 3100
2678 16796
2679 13574
2680 4302
2682 20731
2683 9548
2684 21372
2684 17361
2685 8598
2686 2705
2688 21296
2688 3861
2689 4219
2691 12120
2694 5119
2697 5343
2699 6372
2699 3345
2700 19016
2702 7646
2706 20698
2706 11559
2710 18500
2712 3108
2713 25611
2713 16452
2713 13233
2713 10880
2713 3275
2714 19518
2714 17753
2717 28211
2717 21599
2719 29577
2720 4445
2720 3615
2720 3261
2721 27620
2721 8784
2722 28749
2725 18008
2726 15975
2726 10287
2730 8642
2731 24177
2736 29313
2740 29169
2745 17614
2746 4473
2749 13910
2751 12154
2752 25528
2754 17540
2754 3986
2756 15271
2756 14192
2759 29533
2759 6907
2760 16735
2760 6264
2764 26754
2764 18748
2765 25433
2768 9994
2769 5375
2770 7368
2770 4254
2770 4252
2772 15618
2774 10953
2774 2886
2775 19974
2776 20811
2776 14684
2781 16404
2781 13172
2783 26276
2783 8750
2783 3221
2787 28346
2787 3732
2788 20609
2792 4606
2795 26988
2795 4925
2796 25494
2798 21619
2798 16272
2801 3806
2802 17807
2802 15277
2802 6899
2803 19090
2804 18013
2804 9231
2807 4875
2807 3449
2809 19291
2813 26956
2814 6504
2814 4572
2815 16724
2816 13265
2817 10848
2818 26016
2819 29887
2819 29273
2819 6732
2820 22086
2820 9539
2821 14314
2825 2956
2826 29666
2827 2978
2828 16192
2829 23628
2829 18852
2829 5508
2833 17397
2838 13556
2839 25546
2840 18114
2841 20811
2841 7073
2844 12286
2846 11281
2846 11265
2847 23025
2849 10979
2849 4051
2850 19136
2850 3509
2853 27658
2856 21812
2857 21078
2857 13459
2858 16223
2859 12812
2859 11571
2861 23123
2861 15861
2864 25448
2864 25328
2865 26896
2867 3407
2868 26899
2868 24472
2868 24215
2868 13528
2868 3020
2869 5471
2870 28001
2870 4915
2871 9511
2871 4179
2873 14594
2873 5510
2875 22431
2875 11981
2875 9307
2876 7274
2876 6531
2876 4302
2879 26974
2879 13970
2882 22199
2883 3363
2884 13325
2884 11941
2888 19267
2888 4086
2889 23843
2889 13049
2890 8057
2891 19965
2893 21631
2895 12926
2897 10089
2898 22409
2898 3740
2900 5445
2901 25508
2906 15913
2908 27994
2908 4361
2913 26302
2913 22890
2915 2975
2916 28584
2916 26905
2916 5358
2917 27260
2917 27241
2917 3240
2918 11212
2918 8665
2919 13832
2920 16713
2921 8778
2923 21917
2925 28243
2926 27177
2926 11239
2926 5238
2927 13328
2928 28598
2931 21921
2933 26117
2933 24901
2933 4448
2935 26447
2936 4176
2937 3172
2938 17323
2938 3112
2939 5494
2942 26706
2942 16139
2944 3120
2947 10675
2950 24430
2954 10196
2955 26925
2956 11765
2958 21744
2959 10058
2960 29062
2960 13655
2960 11479
2963 12000
2965 13309
2966 24534
2967 5185
2968 27235
2968 20946
2972 15628
2972 3191
2973 29938
2975 20689
2976 3497
2977 14939
2981 3314
2982 13793
2984 15293
2985 27192
2986 9010
2987 20470
2989 29814
2990 11705
2991 22926
2991 17546
2991 8258
2992 9805
2993 15702
2994 4603
2997 17587
2997 10254
2998 16983
2999 28847
2999 16792
3000 16366
3005 7773
3006 7281
3008 3970
3010 28418
3013 12464
3013 8729
3014 16070
3016 4206
3019 25043
3020 22750
3020 15482
3023 6281
3024 21091
3025 13303
3026 29351
3026 21525
3027 27330
3027 26796
3030 17970
3034 25316
3034 6707
3037 18295
3039 11475
3042 15111
3044 13569
3047 9331
3048 8761
3049 3110
3050 18003
3050 11461
3051 25297
3051 17599
3051 14631
3055 9348
3056 26630
3056 20661
3059 22829
3060 14263
3066 26378
3067 3651
3071 8486
3072 8253
3075 7144
3078 25697
3078 17174
3078 13772
3080 4460
3081 17929
3081 8447
3082 25499
3082 7636
3083 6578
3084 14945
3085 26718
3087 19023
3090 17346
3093 3345
3098 20423
3099 18504
3099 4404
3100 18965
3102 28217
3102 12419
3103 18790
3103 5905
3104 14692
3105 17745
3106 17225
3108 27068
3111 27599
3111 5185
3113 29280
3115 22584
3116 4430
3120 9814
3122 26508
3123 4756
3124 21171
3124 7993
3130 26005
3132 4830
3134 12760
3136 3201
3137 19228
3137 4449
3139 20185
3140 24216
3142 6890
3143 16090
3143 6958
3144 8683
3144 7355
3146 8601
3150 23779
3151 11012
3154 21236
3154 7500
3156 3664
3159 28062
3160 22441
3160 19988
3160 14536
3160 4354
3163 28043
3163 17378
3163 11863
3164 19536
3164 16946
3165 4702
3165 4462
3166 29690
3167 7065
3169 21919
3170 6316
3171 18443
3173 24039
3173 18177
3174 15644
3178 20706
3178 4496
3178 3715
3179 28157
3179 22344
3180 6286
3180 3822
3185 27133
3188 15005
3190 23930
3190 4974
3194 25343
3194 14024
3195 20531
3197 3218
3199 9735
3200 8163
3202 28088
3202 11602
3205 22288
3205 21886
3205 19684
3205 9581
3206 14894
3207 4569
3211 7420
3212 5511
3218 21457
3219 26083
3219 21634
3219 10664
3220 27944
3221 19988
3224 12369
3225 20462
3225 8605
3226 24911
3226 8957
3227 21870
3227 18305
3228 21597
3231 22993
3231 15513
3234 22862
3237 20581
3238 9634
3239 25943
3239 14320
3242 18461
3242 4849
3242 3833
3243 26025
3244 16213
3244 11311
3244 11307
3248 29854
3248 28066
3248 23719
3248 11357
3248 4639
3249 19054
3251 24150
3251 9899
3252 28125
3253 12094
3255 19608
3258 21571
3260 24196
3261 26096
3264 21315
3264 21275
3264 7495
3265 4047
3265 3809
3266 6588
3266 5602
3267 22331
3267 10404
3268 27600
3269 16223
3270 6597
3274 29903
3275 28191
3275 14255
3275 12091
3276 26997
3278 20596
3278 7521
3280 7960
3282 22346
3282 9430
3283 18586
3284 17397
3284 9517
3286 23320
3286 6810
3287 28263
3289 11518
3299 17050
3299 12366
3300 12939
3302 29251
3302 21261
3302 4473
3302 3579
3303 18690
3303 17893
3304 23672
3307 18518
3307 4262
3308 3983
3310 3553
3313 10463
3315 25076
3315 25031
3316 26344
3316 20417
3317 14272
3318 28917
3319 6272
3320 24878
3320 5570
3321 15153
3322 29658
3323 22859
3323 12615
3323 5400
3325 14749
3328 24663
3329 23568
3329 21265
3332 4362
3333 15131
3336 25433
3336 24466
3337 4289
3338 16740
3338 4739
3338 3723
3345 24264
3345 4973
3347 23559
3347 22771
3348 21524
3348 4275
3348 3986
3349 27660
3352 16002
3352 6795
3354 5418
3356 25510
3356 20506
3357 15340
3359 20451
3360 22535
3366 20979
3366 4514
3367 4895
3368 20673
3369 3446
3372 7164
3373 29697
3373 6533
3374 4009
3375 9370
3375 4670
3376 4967
3379 28087
3379 27118
3381 18398
3381 17170
3381 12650
3383 29431
3384 14882
3385 21178
3386 11429
3388 27656
3394 15631
3395 18630
3395 6190
3396 13152
3399 29508
3399 4826
3400 28294
3404 14306
3404 4291
3405 15747
3406 26955
3407 26241
3412 9038
3414 26022
3414 24443
3415 21076
3415 9231
3417 11755
3421 23103
3421 21869
3423 20187
3423 19296
3423 16884
3423 4043
3426 16775
3431 24323
3436 28973
3436 5062
3437 15570
3437 15301
3437 7529
3442 3914
3443 17588
3444 22883
3444 18866
3446 25711
3446 17567
3448 24864
3450 23200
3452 26184
3453 29226
3453 16877
3455 19618
3455 18050
3457 27194
3457 14490
3457 11735
3458 25028
3458 22940
3459 5673
3461 8639
3462 4088
3462 3924
3464 3569
3469 23958
3469 4784
3469 3772
3471 22284
3472 15855
3474 27575
3475 25936
3475 18775
3475 14067
3476 6221
3479 21100
3479 20764
3479 11021
3479 10577
3480 14905
3480 4912
3481 8301
3484 17884
3488 28569
3488 16287
3489 27730
3489 4634
3490 4483
3491 21875
3497 22660
3499 9649
3502 17590
3503 26351
3505 5722
3507 11006
3507 4556
3510 14860
3512 21244
3513 4127
3515 11154
3517 17359
3519 22369
3523 19862
3524 9488
3524 8784
3525 3949
3526 24066
3526 4147
3529 13785
3529 6769
3529 3734
3530 20900
3532 7678
3534 18426
3539 20974
3539 6249
3540 15301
3541 15056
3542 18009
3544 25160
3547 19637
3550 15226
3551 4781
3552 20514
3552 11921
3555 21607
3557 11618
3557 3664
3558 27680
3559 11757
3561 27214
3561 21026
3561 13711
3563 18509
3567 23211
3567 16504
3568 27701
3569 4838
3570 21356
3571 27543
3571 26026
3571 15343
3572 15224
3573 22511
3574 3923
3576 18160
3577 8154
3579 4723
3580 24485
3581 3895
3582 28344
3582 21492
3582 4831
3583 4166
3584 20304
3586 25837
3586 25092
3586 10831
3587 7938
3587 3756
3591 26271
3591 19739
3591 11419
3592 5874
3592 4619
3594 6836
3595 17701
3596 14143
3596 7850
3597 16484
3598 4533
3598 3602
3599 16262
3600 11319
3600 10481
3601 6487
3603 4487
3604 11955
3606 4954
3607 26520
3607 25384
3607 8239
3608 20958
3614 9088
3616 12781
3619 16409
3619 9216
3623 4511
3625 23192
3625 4300
3626 24945
3626 7160
3628 24700
3629 6107
3630 25416
3631 11228
3631 10021
3634 13619
3634 6176
3634 3705
3635 15161
3636 13097
3637 28250
3638 5310
3639 3715
3641 8543
3644 20379
3644 8737
3646 11477
3646 4795
3651 13279
3655 8123
3655 3686
3657 5681
3657 4955
3661 4988
3662 8031
3663 14114
3664 15463
3667 8668
3670 5424
3671 3709
3672 29249
3674 25297
3675 23413
3676 19615
3678 21730
3679 12493
3680 20280
3680 6057
3681 4377
3682 19452
3682 12561
3684 29567
3684 12332
3685 22780
3686 25574
3691 24017
3692 5238
3694 22395
3694 13534
3694 5414
3696 11846
3702 19196
3703 28519
3703 15969
3704 13254
3707 29691
3707 14971
3711 17037
3714 4440
3715 25317
3715 19150
3715 16452
3715 7105
3716 13715
3718 13812
3718 9310
3718 4063
3719 27104
3721 25547
3722 8875
3727 11011
3728 8503
3728 4193
3731 18300
3735 18745
3735 17120
3736 29785
3736 5115
3739 28279
3740 23719
3740 11702
3742 29963
3742 26847
3744 26357
3744 20533
3744 17394
3745 10311
3746 19617
3746 9136
3746 4653
3747 26940
3747 16505
3747 8054
3748 14105
3748 6623
3749 22782
3749 16582
3750 3790
3753 25215
3755 20798
3755 19153
3755 10957
3757 21308
3757 20511
3758 4979
3760 19377
3762 15622
3762 6832
3763 6729
3764 6320
3764 4525
3766 17505
3766 15846
3768 25861
3769 27404
3769 18684
3770 7665
3771 22111
3776 17547
3776 7954
3778 28762
3778 3891
3779 3796
3780 20604
3782 14912
3785 12052
3787 29132
3788 4188
3790 3929
3791 24533
3793 4068
3794 13314
3794 13088
3795 26406
3795 19439
3797 4240
3798 22434
3799 24860
3800 16397
3800 16326
3800 5539
3801 17367
3802 16672
3802 4941
3804 5937
3806 9949
3807 7015
3808 21721
3809 29203
3810 11245
3811 10679
3812 22070
3812 12194
3814 4628
3814 4359
3817 19592
3817 13568
3819 19061
3820 16306
3820 6604
3823 23778
3825 26694
3825 17336
3826 15900
3828 3992
3830 24569
3832 21874
3832 19898
3834 26060
3834 24755
3835 22462
3835 8038
3836 20002
3837 16693
3837 7640
3838 19288
3838 10866
3840 22304
3840 16547
3842 4933
3845 4824
3846 28321
3846 24748
3846 4388
3847 23778
3850 24934
3850 4549
3850 4355
3852 27602
3852 20818
3853 10980
3855 15918
3857 7297
3858 28905
3859 26593
3859 21083
3859 11572
3860 10502
3861 17882
3861 16203
3864 29032
3864 28383
3864 15637
3864 12542
3865 6298
3868 21211
3868 20217
3869 26244
3869 22679
3869 4347
3871 9418
3871 4620
3873 11351
3875 12090
3875 4168
3877 21735
3878 4608
3880 4517
3882 19010
3882 18766
3882 6018
3886 9248
3887 11398
3887 8213
3888 21349
3888 4889
3892 24863
3892 22219
3892 12455
3894 19174
3895 7503
3898 20871
3898 20062
3899 4353
3900 13635
3900 4474
3901 20641
3901 17194
3903 16930
3905 4301
3907 28661
3907 24064
3907 14490
3908 4020
3909 20056
3910 29851
3910 4713
3911 17889
3911 13374
3911 4135
3922 22466
3922 15281
3923 4622
3927 14382
3928 9780
3930 12829
3931 23010
3931 22332
3932 24141
3933 24815
3933 5840
3934 22873
3934 5583
3934 4312
3940 18555
3942 18377
3943 29539
3943 26652
3943 18969
3947 7132
3948 10751
3950 19665
3951 4822
3952 10267
3955 13476
3957 4037
3958 17578
3961 9135
3962 4702
3966 4755
3967 11510
3968 6645
3969 6935
3970 21156
3972 26410
3972 11844
3972 6308
3973 18166
3974 4813
3975 20523
3976 16672
3977 20561
3977 18986
3977 14765
3979 22125
3979 4296
3981 6717
3984 8691
3984 4194
3985 10404
3986 17951
3987 17841
3988 6188
3990 27483
3990 4144
3991 8446
3991 5690
3992 28104
3992 4163
3995 13316
4001 25924
4002 10903
4003 8383
4004 14746
4005 10699
4005 4207
4006 28016
4007 4391
4009 15144
4009 9751
4016 4682
4017 13168
4017 5247
4017 4077
4018 13758
4018 13480
4020 7300
4020 4321
4021 25755
4022 8432
4022 4319
4023 24286
4023 21806
4024 4857
4025 24682
4027 16128
4033 28195
4033 9388
4037 4622
4038 13337
4039 20050
4040 12591
4040 6080
4043 14883
4046 25421
4047 27473
4048 27754
4049 7394
4051 10090
4053 24830
4054 7404
4056 4839
4058 10081
4060 6687
4061 26593
4061 23430
4063 15249
4064 18587
4065 16286
4065 5939
4066 25109
4066 9330
4068 16084
4068 11241
4069 22317
4069 8761
4071 8945
4072 21083
4073 7507
4074 22655
4075 13765
4076 16143
4083 17145
4085 4686
4088 21418
4091 22104
4091 21398
4091 4288
4092 9031
4093 14474
4094 9342
4095 18072
4101 24071
4102 29500
4102 13069
4103 6384
4104 15350
4104 4290
4106 6477
4108 27514
4108 9266
4110 10752
4111 27832
4112 27892
4113 22622
4113 11781
4113 9625
4114 24442
4115 25964
4118 10575
4120 14166
4121 22589
4122 21199
4122 7586
4123 23956
4123 15680
4124 4189
4125 24517
4127 4729
4132 9052
4133 4798
4134 22972
4138 22515
4138 4976
4141 27397
4143 23192
4143 4609
4145 17804
4145 15906
4145 7805
4145 4400
4147 24169
4148 26004
4149 28779
4149 4379
4150 27833
4150 5473
4151 14301
4155 28364
4155 5251
4157 23046
4159 26833
4159 8768
4160 9147
4161 9839
4161 9129
4161 4800
4163 22182
4166 7173
4168 26932
4171 20762
4171 5522
4173 26460
4176 28828
4177 18149
4179 15753
4180 26638
4180 6364
4182 27135
4188 12073
4188 4475
4189 8899
4196 7955
4199 20195
4200 4284
4201 16995
4202 22642
4205 9316
4206 9593
4207 9277
4207 9246
4208 4369
4210 4965
4211 18367
4211 14066
4212 9493
4213 24743
4213 7428
4218 16528
4221 24485
4221 7120
4221 4475
4222 23998
4223 29997
4223 21842
4224 12842
4225 16321
4226 20897
4226 14698
4226 4525
4227 29783
4227 15755
4228 22123
4230 16944
4230 10655
4231 24015
4232 8673
4233 22448
4233 10974
4234 25178
4235 28407
4237 25637
4237 12539
4238 27052
4241 16710
4246 19300
4248 25040
4249 10015
4249 4303
4251 14533
4253 28490
4257 8948
4260 24211
4261 28184
4262 28120
4262 4452
4266 24803
4267 20098
4270 20910
4272 14874
4279 23141
4281 8218
4286 17187
4289 13958
4291 16820
4291 9954
4294 13507
4295 16959
4295 4946
4296 22153
4297 29221
4298 13228
4299 4961
4300 10553
4300 5444
4300 4794
4301 25468
4302 29806
4304 15732
4305 19563
4306 13655
4307 4508
4308 21958
4308 6131
4311 7595
4312 9087
4313 21026
4313 18143
4313 8643
4314 9700
4316 24552
4316 10185
4317 29099
4317 13959
4319 12368
4320 8733
4320 4438
4321 5925
4321 4436
4322 16744
4323 15976
4323 15311
4323 4570
4326 10214
4329 16495
4330 17536
4331 4988
4333 4960
4335 27012
4337 10810
4337 4433
4338 29707
4338 24435
4338 7669
4340 5788
4343 7397
4344 23436
4344 12347
4345 8446
4346 12005
4346 10040
4348 22853
4349 22142
4349 13619
4350 7868
4350 4463
4351 13750
4353 18988
4353 15388
4356 29288
4356 18263
4357 17256
4357 7176
4359 23748
4360 13691
4360 4497
4362 18331
4363 4566
4364 27623
4365 4450
4366 4538
4369 23118
4369 13731
4370 4564
4371 17435
4372 4636
4375 19581
4375 12270
4376 4871
4377 6231
4378 25025
4378 7671
4378 5293
4378 4852
4380 18071
4381 19085
4381 12160
4381 6864
4382 15726
4382 6375
4384 8909
4384 8308
4384 4469
4385 4584
4387 21092
4388 8047
4390 4569
4392 29408
4392 26347
4393 13768
4393 6770
4395 22416
4395 21657
4395 20729
4395 4751
4396 6755
4396 4977
4398 4503
4400 24639
4400 7351
4400 4813
4400 4667
4401 16409
4402 26737
4402 5070
4403 22362
4404 29673
4404 21648
4404 4917
4405 8262
4406 15834
4406 12886
4407 12992
4408 28042
4408 26548
4409 6559
4410 8196
4413 4573
4413 4481
4414 21661
4416 5977
4417 4944
4419 28881
4419 27512
4419 22558
4419 10032
4419 8987
4419 6013
4420 27272
4422 23387
4423 13476
4429 26997
4430 4822
4430 4614
4431 25139
4432 28413
4432 11381
4433 28895
4433 24159
4433 18848
4433 5346
4434 28070
4435 17412
4437 22848
4437 21164
4439 11261
4442 19475
4444 10068
4445 17113
4445 5022
4449 24528
4449 23042
4450 17893
4451 26498
4452 26693
4452 4555
4453 8054
4454 27815
4454 11044
4455 17615
4456 19800
4458 29368
4458 5546
4458 4510
4460 10461
4460 5000
4462 7158
4463 14313
4465 29357
4465 7805
4465 7435
4466 29577
4467 4664
4468 5740
4469 24895
4469 6802
4470 29163
4470 6132
4472 11639
4474 12442
4475 4491
4477 27706
4477 9450
4481 27153
4481 10245
4482 9676
4484 14566
4486 8136
4488 4841
4489 13743
4490 26331
4492 4655
4493 12767
4493 4614
4494 20470
4497 4851
4498 19627
4499 23260
4501 29992
4501 4843
4504 26228
4505 11020
4505 9267
4506 26345
4506 24243
4507 4882
4508 26023
4508 22665
4508 4831
4510 26105
4510 11266
4511 28794
4511 4939
4512 28955
4516 13659
4517 13485
4518 27911
4519 21925
4519 7828
4520 7892
4521 18530
4522 25654
4524 27629
4524 17576
4527 4990
4532 11061
4532 11020
4532 4900
4534 7872
4534 4741
4536 21729
4537 20150
4538 10957
4539 6060
4540 21224
4541 25544
4544 21821
4549 23263
4552 14545
4552 9149
4553 22695
4553 9023
4554 13619
4555 13181
4558 10617
4559 4991
4560 15038
4560 7726
4563 25817
4564 18772
4565 23579
4565 8915
4567 21905
4567 9181
4567 5371
4569 21004
4569 16170
4570 10260
4571 4886
4574 25469
4574 20950
4577 18694
4577 17690
4579 16286
4579 5078
4580 8864
4581 27519
4584 12984
4584 4973
4584 4612
4586 25700
4587 10396
4587 5890
4592 9089
4593 4927
4595 4806
4598 7277
4600 4657
4601 4767
4602 22944
4605 25221
4605 4682
4606 16156
4606 4828
4607 16500
4611 4616
4612 21539
4615 14204
4617 5213
4619 24777
4620 12133
4621 18275
4622 26001
4623 10559
4624 4759
4626 27290
4629 6290
4633 5089
4634 6823
4635 12207
4635 4774
4639 21771
4639 18772
4639 16155
4640 22031
4643 16322
4643 4969
4647 15498
4649 24611
4650 14147
4652 4935
4654 26475
4654 4908
4655 8813
4656 24507
4656 19216
4657 28831
4659 9769
4659 4850
4662 7275
4663 13288
4663 6032
4666 15993
4666 13123
4668 19214
4668 4914
4670 26374
4670 4809
4673 16383
4673 8349
4673 7771
4673 4676
4675 15346
4677 27236
4677 7334
4678 28964
4679 27363
4681 28601
4681 24227
4682 27437
4682 24154
4685 13715
4685 6502
4686 19488
4686 5391
4691 12010
4695 4716
4697 11289
4699 14143
4700 5693
4701 5674
4703 4859
4704 26552
4704 15490
4704 10834
4705 18815
4707 9483
4707 4882
4709 25741
4709 11865
4710 10166
4711 4832
4712 29523
4713 20186
4713 4986
4714 5440
4717 27841
4718 6643
4719 28864
4724 19798
4724 4832
4725 20300
4726 29634
4728 8730
4730 19883
4730 13875
4730 10870
4731 17668
4732 4918
4733 4972
4737 13158
4738 22040
4738 4908
4739 26202
4741 26758
4744 26871
4744 4999
4745 22554
4745 4819
4746 25972
4746 18843
4746 6256
4747 11547
4747 10446
4754 15666
4755 4840
4756 29016
4757 13649
4757 6490
4761 20817
4762 22736
4765 19020
4768 4984
4770 20561
4771 26810
4772 29947
4774 5569
4776 10415
4779 4792
4780 29393
4780 6161
4782 15498
4785 29964
4786 9304
4786 4939
4789 20391
4789 7381
4790 4845
4793 28647
4794 9094
4794 4814
4797 13190
4798 15122
4800 4892
4803 16072
4806 29026
4806 5813
4812 20197
4814 11606
4818 4824
4819 25152
4821 25529
4822 25220
4822 16051
4822 9349
4824 24399
4825 14476
4828 10815
4831 26851
4832 17622
4832 15054
4833 10859
4833 4930
4838 23329
4841 13079
4843 23156
4843 15582
4843 11770
4843 9852
4844 12073
4845 9604
4846 4979
4847 4979
4848 5137
4848 4952
4849 12481
4850 12259
4851 7727
4851 7614
4852 20674
4852 7710
4854 16268
4857 21044
4857 16087
4857 4923
4858 29725
4859 23513
4861 15985
4863 4909
4865 21828
4866 22868
4866 7216
4867 19369
4867 19104
4867 12655
4868 11064
4870 12180
4870 7158
4870 6869
4870 4893
4872 23632
4873 24008
4875 10515
4875 8236
4876 26586
4877 12097
4877 6016
4878 26914
4880 24307
4884 4948
4885 9974
4887 25748
4888 27807
4888 12642
4889 28638
4893 4986
4894 21926
4894 14441
4894 7769
4895 6421
4896 25201
4898 4960
4899 23539
4899 18164
4900 4935
4901 17333
4904 9338
4906 18617
4906 5140
4908 28515
4908 28308
4908 26246
4908 4958
4910 28768
4911 19571
4912 26383
4916 13092
4916 9267
4917 9423
4917 6700
4918 26038
4921 4963
4922 12018
4922 9591
4924 6178
4929 20500
4930 5604
4933 8666
4933 4937
4935 5985
4936 18994
4936 13506
4937 17231
4938 8862
4940 4949
4941 12272
4941 6368
4941 4954
4942 29719
4950 9032
4952 7177
4953 4998
4958 13043
4960 20010
4960 4979
4962 18860
4962 10769
4964 5000
4967 29205
4967 5574
4969 15863
4970 16102
4971 21034
4976 19705
4976 10187
4976 10150
4977 14763
4978 16465
4979 29772
4979 7759
4979 4984
4981 12117
4983 29492
4985 28643
4985 25228
4986 24442
4988 7448
4988 4998
4989 27775
4989 26618
4989 25872
4990 9282
4990 4999
4991 18049
4991 14626
4993 24121
4994 8147
4995 19454
4996 4997
4997 12544
